0
0
1
69
3
43
12
114
45
85
7
137
148
141
52
70
149
144
140
128
21
129
19
18
9
110
30
41
10
102
135
78
123
27
139
165
67
68
14
125
92
124
38
48
44
46
91
77
16
155
75
143
71
5
58
136
111
168
36
57
53
105
17
97
127
117
13
33
39
88
107
156
80
79
157
162
37
63
160
34
130
108
66
99
20087
20103
20085
20090
11958
923
20081
7565
20104
7583
938
7573
20105
20130
20109
899
930
898
34396
34395
34407
4151
34393
4198
34390
34406
31422
34378
29857
3160
7568
906
55243
45034
4212
55209
55233
55242
30501
894
71502
71505
31447
71529
12721
932
959
32406
920
71501
936
974
11956
32404
71515
71504
32274
