1
0
12
162
114
13
85
7
146
81
71
38
42
19
151
91
96
9
39
117
79
140
52
113
161
34
24
84
31
127
87
93
109
30
131
14
128
126
78
51
15
97
41
75
74
18
28
2
101
92
58
36
99
173
69
112
116
156
5
94
68
137
59
144
148
57
139
80
63
64
77
86
4
160
0
88
20948
47264
47275
7598
6944
4196
20117
7573
32462
47286
47269
22448
47298
12742
22433
45035
4198
6935
45011
45046
29857
45013
47311
11956
4205
25145
16728
38193
906
959
18493
47288
47266
39968
12356
20116
36430
47314
47274
30475
47267
4216
4154
1001
47302
38206
932
7607
898
20980
5170
930
27535
5083
55243
17241
12750
1303
31436
4170
46640
9625
4085
9639
12701
