10024
0
10025
10035
10034
10031
10069
10073
10105
10084
10077
10113
277
10038
10022
10121
10053
10088
10082
10076
10117
10039
10078
10029
10066
10059
10079
10103
10043
10044
10061
10080
10120
10020
10074
10070
10046
10081
10086
10122
10091
10115
10087
10083
10071
10109
10072
10049
10057
10100
10067
10110
10126
10033
10040
10026
10092
10116
10104
10099
10090
10023
10096
10101
10068
10125
10060
10037
10085
10065
10108
10107
10055
10036
10098
10056
10045
10089
10048
10064
10095
10042
10047
10019
10063
282
10050
10028
10018
10051
10075
10021
10030
