1003
6
88
999
99
92
77
975
934
938
914
1001
893
984
919
137
951
920
925
971
899
961
970
910
986
907
944
936
955
42
891
85
928
982
977
931
974
985
142
26
7572
7595
16
7577
7576
7610
70
52
7594
7596
33
7584
7614
7605
7564
56
7578
7
57
7563
4082
101
102
3
7565
7593
7606
4213
79
18
7560
53
7609
60
4205
7571
73
7602
4162
5
20104
20083
11952
20137
20106
20084
86
11976
20130
20081
107
20090
20133
20086
59
20136
149
105
20102
20142
6
11970
20096
34393
31422
22432
11940
11936
135
44
34378
74
34401
32478
123
46925
81
57461
39249
57446
39247
168
57444
61538
61552
31434
163
15
46905
31476
61588
31437
31455
25107
31418
32413
61573
11982
6928
67130
55489
145
11937
67109
31453
153
49
148
6914
124
34721
72965
31450
72986
72966
46
73015
30476
