10107
1
10108
10087
10091
10043
10024
10110
10073
10036
10057
10056
10077
282
10104
10072
10098
10109
10074
10081
10031
10086
10047
10099
10070
10049
10054
10022
10041
10084
10100
10067
10034
10069
10050
10026
10085
10071
10048
10018
10116
10051
10090
10055
10115
10063
10082
10101
10029
10092
277
10102
10035
10125
10039
10078
10028
10122
10060
10033
56782
56731
56728
56735
56828
56744
7830
56754
56807
56727
56749
56732
56713
56733
35059
56763
56798
56778
56736
56779
56716
56776
56817
56714
56791
56797
310
56757
56793
56752
56720
56795
56802
56745
56833
56783
56725
56715
