10116
0
6391
36740
9013
6405
6372
37003
37069
12215
37026
37005
36999
37042
37070
6385
14085
13797
16684
37004
37038
37034
36712
37032
37006
37065
6374
6381
37016
37013
37052
37012
37023
9434
37074
37062
37025
37007
37014
37010
37017
37057
37035
37068
37015
36992
37063
11191
37008
37047
735
11212
6401
37028
37027
37045
37043
30790
37055
37049
37037
37018
37061
37019
37051
36994
37022
37002
6380
36991
37066
37072
29103
36990
37033
37046
37030
12201
37075
36993
37067
37076
37000
37020
37044
36996
37058
37001
11190
37073
732
37041
36998
37039
6370
6376
10146
37021
37077
11100
6375
37036
10191
37011
37048
37056
37031
37009
1053
1090
37040
36997
37060
36989
6407
37053
37059
6397
30814
