1028
0
1027
1029
1030
1032
1026
1024
1025
10604
10649
10643
5771
10642
3366
10892
10879
12594
3490
10907
4726
12580
12565
10919
12560
3319
10948
12535
10877
10889
10869
1836
10923
10884
12552
10885
10900
2328
3315
10922
12581
12553
10906
10902
10883
10925
12603
10881
834
4960
12568
3314
4450
4375
3360
3336
3337
12547
10890
12591
6679
36187
10908
36227
5762
14577
6688
9849
13559
22349
22918
2321
36195
7649
10933
5586
19061
27942
4578
24413
7677
7398
1721
7687
43924
45967
3545
27330
26287
19982
33217
30349
6252
4404
41281
7439
9133
608
7483
10763
45713
7426
20062
7395
23297
71826
71831
2217
30386
2964
505
41127
7695
7700
71835
7472
7422
10743
527
5677
3535
45717
71821
63725
10772
4407
19941
4700
7403
10802
4725
2689
2927
