10448
4
10385
1641
10369
10420
8333
11737
11709
11717
11710
11727
11714
8363
11761
11724
11700
851
1145
7672
11753
11812
11741
11723
11704
11721
1160
11720
11703
11725
2974
10790
11733
11722
11732
11699
11708
11705
11713
11706
1169
8355
11808
11734
11707
11698
11718
1178
11726
26205
26194
12440
15969
26237
26245
26193
15996
1113
15979
1193
15990
23822
26206
26208
26252
12243
26188
13786
26210
26213
15961
9856
12525
26203
26189
26200
26214
26192
26198
26199
26190
26204
12484
15970
31076
8374
1064
55508
62968
1133
52232
8335
15958
15993
4063
1067
16004
15967
12158
15963
653
9012
1191
62978
62988
14157
15968
9855
15962
38318
62980
16000
62966
10781
15977
15268
30119
1111
18308
15997
7679
15959
1049
23207
64047
8331
1150
15350
7269
1041
23255
1100
21931
1210
21940
34840
75920
9037
8991
