1053
0
1048
1035
1102
1225
1055
1047
1117
1072
1113
1156
1058
1187
1034
1124
1041
1056
1167
1099
1090
1115
1075
1119
1052
1062
1138
1089
659
1077
1093
1127
20561
20570
20531
20507
20559
12066
7792
20500
20601
9008
20520
1641
9050
20515
20525
20567
20574
20516
20589
20560
20627
20533
20539
12249
11211
10383
20597
20543
20544
14157
9035
20526
20510
20573
20513
8554
11214
20537
20564
20551
12188
20586
20521
10420
20624
20519
20590
12022
20662
20506
20536
20631
8386
9011
712
24252
17561
1336
15353
2913
24271
27033
27018
22994
26998
26993
22980
4063
23046
23047
26990
8401
22973
23023
27001
22995
11187
27010
37034
6370
10146
37073
6374
37064
37038
37016
37045
37020
37019
6372
732
6385
37046
37053
37040
16694
13797
37062
30814
37050
37027
7227
660
12243
8369
7783
23003
8341
661
