1055
0
1056
1083
1061
1149
1072
1118
1181
1117
1158
1113
1132
1046
1091
1144
1167
1175
1045
659
1039
1123
1063
1127
1052
1070
1034
1053
1121
1188
1191
1093
1189
1075
1062
1047
1067
1115
1134
1051
1122
1090
12208
8180
12230
12150
12199
12205
12253
12162
660
12158
12247
653
12241
9050
661
12214
12252
12222
12243
8374
12168
12175
12232
11111
12210
12170
12147
12156
8341
1606
12249
9035
12279
12188
12233
12254
8276
12189
10372
8332
12183
7752
12195
12216
12172
1641
314
12209
12244
12184
9432
229
355
243
13800
7783
287
13824
228
13797
13813
26511
4483
20932
26509
27001
20516
701
9856
27011
12078
12068
6251
7280
30639
22249
23589
30611
2909
6755
28305
30603
30548
872
13543
15263
15223
39405
713
8353
216
30814
41835
12854
41846
41843
16625
31175
18296
41845
30304
35047
9893
59488
48301
59517
18658
59542
59470
57078
61742
61728
61739
61722
39685
14152
48418
406
