1056
0
1095
1062
1119
1125
1061
1183
1113
1117
1084
1045
1123
1133
1134
1093
1172
1137
1034
1086
1051
1191
1126
1075
1055
1136
1070
1132
1127
1053
1219
1047
1054
1085
1039
1189
1083
1240
1129
1101
1090
1201
1067
1156
1096
1089
1049
1103
1153
1114
1035
1144
1138
1036
1063
1181
1122
12243
12225
12208
12219
12147
12156
12148
12167
12230
12249
12192
12226
12252
12166
1641
9013
12205
12158
653
9035
12229
12196
12184
12255
12244
12171
9050
12201
12163
12217
12264
12185
12170
12152
8276
8374
12213
10918
27070
27075
27066
27080
27077
27081
8353
27094
27089
27078
27063
3880
27083
27091
