1061
0
1062
1127
714
1194
1039
1113
1121
1123
1090
1158
1069
1133
1093
1172
1035
1103
1114
1086
1072
1056
1043
1034
1091
1076
1036
1167
1038
1070
1188
1053
1058
1214
1208
1174
1087
1037
1071
1088
1083
1118
1052
1189
1226
1117
1050
1041
1139
1182
1059
1084
1101
1157
1105
1135
1149
1134
1089
1051
1161
1144
1122
1060
1202
1142
1152
1055
1132
1213
679
1097
1075
1063
53046
4658
26534
12253
9050
12035
53056
53040
12209
12222
36086
12205
8386
53004
9035
53025
20870
3967
53055
8991
53051
53059
20849
12786
53054
53018
53000
53023
28131
59675
668
24326
22304
28095
59687
2689
6251
11654
59670
59667
59660
20836
13797
12171
44316
12216
