1067
0
1163
1062
1158
1039
1178
1046
1045
1051
1115
1066
1150
1070
1154
1122
1056
1052
1140
1041
1137
1203
1077
1064
1060
1113
1133
1055
1132
1100
1149
714
1191
679
1083
1036
1127
12217
12181
12198
822
12228
12180
2974
12193
12179
12162
12187
12216
314
12250
11111
9432
12176
3822
12237
4584
8374
712
12222
12153
12252
8276
12167
653
12218
12147
12184
7752
12243
8369
9035
12219
12210
12196
12205
12150
668
9013
18308
7808
18319
18315
18317
18307
18298
18316
18296
18303
18329
18323
18322
18299
18301
18302
18306
18305
18304
18312
1336
8107
18314
18297
18300
10781
62975
15977
15967
15970
19860
6304
31256
831
2987
19181
38318
15979
3880
15350
