107
0
19
150
85
20
100
82
59
109
94
106
145
26
140
81
56
130
17
44
134
53
18
116
69
168
8
46
80
142
0
72
35
155
114
122
14
73
37
12
43
42
77
111
51
103
40
52
92
88
75
13
144
5
58
84
102
105
157
39
104
49
10
137
61
163
16
129
33
99
68
9
71
6
62
136
141
149
4108
930
7586
11936
11946
11995
6928
938
11953
7625
4220
7583
11997
7576
11958
11952
11938
7562
11982
11968
910
20125
7573
20096
7616
7561
1003
20081
20109
20087
20102
20122
20129
20105
20090
20082
20128
20092
7593
7565
20104
923
20108
20130
20099
20115
4085
32486
32439
32402
32430
7560
31422
32440
32421
32432
32410
32423
7572
32462
9744
32401
32412
32454
32409
32467
32411
46927
46896
46891
46906
34696
46892
46926
7564
46922
45046
46895
46913
20982
46890
5170
4162
20948
47555
40000
45035
55208
46643
7584
57421
57461
57477
67128
25133
67108
25146
67112
7574
30501
25123
71284
34396
34395
7596
71285
71282
