10743
0
10744
10740
4407
7727
2361
2903
10835
10769
5599
10803
10754
10813
10837
10763
10779
10791
10802
7669
10758
10808
7417
10774
10776
10773
7443
7672
10789
10750
7694
7964
10804
10772
7480
7678
10749
10747
7646
10767
7423
2909
10757
6304
10787
10810
10777
10746
2929
10704
10796
10812
10800
10761
1087
10805
10788
7642
7979
10759
10790
10748
7658
10781
10814
10801
10764
7420
10745
2302
10762
10799
10786
7733
19942
19969
19947
19937
19943
4669
7690
6317
19962
4429
7431
2309
19987
7414
19939
19966
19968
19977
3490
19951
7405
19965
10911
19994
7416
5589
2306
16782
19996
16839
8258
19952
19974
7433
7422
7410
2914
20004
19998
19959
8260
11762
7432
19991
6278
19976
19954
19955
19950
19984
19949
19948
19938
19970
4859
12965
19961
19979
518
19941
19953
757
19982
2953
19973
4845
19960
679
4677
11711
3461
6259
7415
2910
26891
2960
7668
26152
12971
26955
26900
26975
26925
4777
7493
24151
4404
4052
826
7654
7426
2958
4056
7666
26269
2927
7695
26951
5638
9169
7399
12565
6272
505
4694
14577
2975
27298
20515
27313
20034
9166
27279
27304
27280
27308
7491
27307
1803
27330
27314
11440
27296
27299
2934
27318
34098
6243
34069
7650
31948
7685
1374
16801
34080
34085
34064
34083
34135
34078
30126
34075
9155
34089
6312
31950
4394
2908
34071
9678
34091
7736
34082
2008
1369
41250
4044
12879
2904
3491
19653
2037
4687
4674
43944
1030
1807
4766
4680
16768
43915
38142
3543
7393
2291
855
4662
43932
31738
18237
43922
520
41962
2990
43913
6663
1619
8080
43946
38164
43921
13559
2009
2900
4692
7442
33031
27971
48697
14094
1641
43257
7441
21843
48762
1656
5762
4063
10736
7707
24149
48758
48699
387
1119
712
849
14611
48706
7732
36771
6024
12850
43244
31233
28965
38157
48704
24162
14645
41046
20052
12959
38141
41404
48754
43399
18615
48724
48721
6316
28960
48739
26023
48732
7867
12528
6639
26137
14140
10001
32946
14576
13375
14634
48725
18596
1759
24411
50140
50161
50131
2038
2944
7648
50133
50156
2070
50138
9663
498
50136
24464
21318
2931
50142
50134
2945
27393
7688
12425
7896
12105
50141
2049
701
26291
50170
4658
51436
29519
15425
16771
2913
33429
20456
56335
7463
16295
30386
4940
499
27430
3434
2225
3401
1840
2256
4672
7660
2246
2330
1744
5578
12509
16763
14603
2294
56339
56354
2026
817
32133
4752
1424
25203
57321
26271
22178
45698
1782
59551
18658
27947
29524
16297
28970
59499
6237
59514
6251
59477
59510
33239
33249
33050
37081
42307
24152
62015
15885
32980
7671
7821
38152
62035
56283
62012
33430
6273
3617
62031
54208
26059
45107
803
7664
41414
31075
7681
18322
26178
27934
12899
24189
52827
4431
1113
26013
58887
861
7408
5644
68910
68909
26559
4696
41281
6303
1722
27973
7403
454
6252
2047
27972
68920
7409
71811
12520
71825
45704
71817
46004
71816
41388
53216
71835
71819
38388
52819
24397
45691
27926
5677
1798
71833
38405
55368
55379
71814
