10744
1
10751
10750
10757
7658
7672
10827
10784
10754
10795
10803
2903
10764
7642
10782
4483
10762
10776
7727
10824
10789
10849
10749
10772
10747
10837
10820
10801
10815
10814
10812
7420
10829
10774
10777
10800
10755
2909
10745
7958
10788
851
10763
10770
10813
8353
7694
10808
10769
10743
10822
7646
7678
7443
10811
10254
10759
2912
7417
10778
7423
10779
10831
10761
1764
6608
30535
1656
9169
2908
23957
2324
2049
5899
45716
45700
7454
45710
7408
45699
9133
45711
45724
2145
5638
45717
24400
45713
27972
4669
43411
27304
45696
45723
45695
9156
27971
45728
7668
7670
9134
7723
7447
26955
41960
30166
27299
45712
45720
45690
24171
39145
7429
27922
25223
5644
7441
54195
49905
2291
2309
18658
28259
54224
7719
27931
2960
43429
54209
849
54194
12792
713
5578
24456
9141
54200
14076
43405
54208
701
1807
26330
