10774
0
7678
10778
10788
6304
10811
10750
7420
10779
10800
10745
10801
10764
10769
7733
4483
10759
10777
10789
10254
10744
10747
10813
10770
7658
7642
10808
10812
10776
851
7694
10755
10757
7964
26152
30146
7244
30191
26003
30147
26035
30123
24168
5762
30162
19983
18596
30151
12079
6663
30133
6277
30145
7245
30127
6300
30136
20939
30141
30166
2975
29533
14585
30128
30126
30158
30202
7284
29519
30143
30139
30173
30180
29522
18256
39145
2960
12303
24456
26087
27922
3880
39159
39152
2291
24455
15924
828
21343
41390
41394
41440
41407
41385
7660
7686
27363
6265
41404
41401
7681
56298
14638
26164
26132
46849
12293
9849
6008
15198
56257
15882
6606
