10781
0
10748
10767
10743
7423
10791
7658
10760
10744
7979
6304
2909
7678
10790
7964
7672
10750
10810
10803
7443
4483
10772
1087
7642
10777
7727
10761
7733
10758
15957
15968
15996
7647
15978
15984
15971
15999
15958
15995
16001
15991
15990
16000
15972
12785
15980
15970
9855
8335
15981
12192
7766
15973
11753
15993
15997
11723
15964
15979
15975
7679
16002
15974
15992
15959
15961
15969
15977
15962
15986
15987
16004
15988
15985
15989
15960
15967
9155
15966
15963
15976
52231
18302
1336
52225
9012
1221
9050
8341
18309
52241
52261
52237
15245
52244
1052
1051
52232
52249
52240
52243
18296
8386
52236
52230
61327
5762
9856
3880
713
4063
62968
10229
803
1160
1067
6251
30119
62988
19860
62979
19181
1578
831
11720
1145
653
10448
31256
11722
7719
62980
62977
11706
