10876
0
10869
1347
3338
10937
10938
3357
3915
859
10870
802
1025
2324
3315
10926
10895
3889
10918
7953
10916
2026
3422
10905
9084
3967
1030
3394
10928
10900
3314
9641
10898
7270
8982
10949
4389
3375
827
216
5676
713
1024
3297
2689
10975
834
10968
3319
803
38147
38143
38135
7443
38151
38145
2969
38141
18729
14596
38166
38157
38169
38162
6663
2328
38142
2903
28955
38138
3426
7732
2899
18623
38132
18746
1099
36352
1424
38150
5762
38146
1807
38133
38168
38139
38137
7441
38154
38161
2908
1374
7867
38136
4049
18615
38172
38176
18594
31233
7975
9044
685
4063
38852
38841
2248
