10884
6
3394
1025
10889
2689
3338
3315
2324
10868
10928
10908
3314
826
4455
10933
8603
10875
3357
7830
10919
10905
10925
4379
4450
10892
10934
10879
10948
10904
10902
4375
3336
3366
10937
2026
10906
10885
10881
1024
10950
10869
10954
1836
3360
2111
10944
3319
10921
10992
10912
1030
10882
10872
10922
4368
3395
3422
10927
10899
10985
1029
10877
3297
10911
10890
10900
12569
12547
1033
1032
12581
3313
12543
3304
4960
3332
1026
12585
3296
4369
1031
12567
3490
2241
4398
12578
12603
430
12602
12594
12599
12560
12552
12565
12537
12568
12535
12557
12595
12591
3337
12553
12580
12566
12563
1028
12571
3462
20873
20884
5677
527
4658
30386
30332
30361
30349
30374
2070
3322
2254
3410
3307
11897
3341
2021
2038
4393
1386
19644
2062
3309
4413
3295
15164
4403
4367
15160
4405
2225
2330
4422
10821
2279
4456
4451
4440
2013
7710
2927
74357
7403
