10902
0
10889
10882
10922
10919
10925
216
3366
3319
10992
10906
10871
4455
10900
3357
802
10928
3338
10899
3360
3395
1030
3336
3967
4375
2324
10890
1024
7270
3315
1836
1025
10885
10951
10923
10912
10933
4450
10883
7953
10921
859
10872
10869
10948
10908
713
10953
10966
10881
10868
10892
2026
10907
3314
10884
10877
10879
1029
12535
1033
12602
12534
12599
12591
12567
3313
12533
849
1028
12568
12595
3490
12594
1032
12571
3337
1026
2119
12557
4726
12581
12580
12565
12553
1031
12552
12576
12562
12560
2241
12590
12566
2038
2062
11897
803
19779
2117
19860
8378
5762
6624
36187
1027
7712
22918
4578
36185
12810
7649
5294
36195
9849
12665
15762
17607
36190
22349
30119
15160
4367
4440
4393
2070
63725
43924
4407
7700
4700
27818
26287
2269
18557
2109
25712
9626
1721
72468
72478
72481
72467
