10900
0
7830
10910
10885
4375
10958
10919
10882
3315
3366
10888
3394
10923
10912
3297
10953
1030
3360
8603
1836
826
3967
3915
9084
10959
10889
10996
7953
834
10917
10879
10891
8982
3883
10942
1025
10985
10908
3319
3336
10918
10922
3941
1024
10925
10992
10948
10921
10970
4455
3422
10897
10927
10903
11005
10939
10907
10920
3905
10884
1029
10979
10872
2996
3982
10950
2108
1347
4368
10902
10901
10868
10892
10906
9641
3338
1578
1038
10934
10875
2111
10899
10876
10944
3314
859
10890
10883
4450
10911
10881
10951
10873
10904
10880
10869
7270
12566
3371
12569
12594
12590
1026
12568
12616
12560
12556
12603
12540
12576
12567
1031
12537
12552
1028
12599
12602
12571
12580
12591
12544
12547
3296
12581
12600
1033
12565
12609
1032
12553
12595
19809
19825
19793
19828
19814
19747
19821
19796
11897
3379
19819
803
19742
19763
28048
30370
28100
17093
20884
30339
5677
30400
30317
30442
18905
3956
26560
4658
17131
30316
30386
11882
56503
825
3328
56502
1027
56505
11832
11895
56496
36242
56499
1386
2070
1764
51511
3307
3323
7966
2987
15175
505
7646
43924
23297
27970
608
7403
27314
2217
712
1721
22349
72469
2913
5243
74357
