10919
0
10869
3366
10951
10923
1024
10884
10889
1025
10929
1029
10902
10880
3360
10992
3315
10885
3395
10925
10899
10944
10921
10927
10907
10881
10890
2324
10908
10922
10879
4450
10882
3336
10954
4455
10900
10911
3319
10892
10948
1030
10906
10883
1026
12594
12563
12567
3490
3313
12568
12553
12581
12571
12547
1028
12565
12591
12560
3332
4960
12535
3337
12603
12537
3296
12580
1033
12598
12552
5762
5586
1027
6679
36192
36187
53216
505
71806
45717
55437
27970
4700
27983
7646
7700
26957
71828
19982
4429
45997
1834
10772
20062
1720
2934
71856
4407
74357
13278
