11035
0
11054
11101
11123
11048
11071
11052
10895
11016
11064
11033
11043
11129
11105
11107
11106
11102
11091
11034
11013
11027
11045
11110
11135
11060
11108
11049
11122
11063
11090
11120
11062
11046
11136
6220
11014
11094
11031
11039
11137
11141
11044
11117
11139
11072
11040
3750
11113
11124
11055
11053
11092
29087
29156
16602
16578
29071
29093
29107
16605
29069
29061
29134
29079
29108
29099
16586
29073
29077
18616
29068
29084
29098
29085
29097
29060
29067
29070
16638
45544
45554
45553
45550
16611
45545
18402
