11037
0
11034
11056
11077
1045
2951
11084
11124
11072
11024
11132
11106
10895
11149
6220
11150
11081
11130
11021
11142
11054
11022
11162
11115
11033
10191
11119
11127
3750
11108
11120
11095
11065
9524
11055
11076
11090
11029
11068
11086
4619
9432
11057
11013
11098
11038
6202
11059
11110
11122
11111
11085
11153
11050
3967
11099
11049
11093
11036
11028
11039
11069
11040
11074
11025
11094
11166
208
11118
11104
11159
11060
11058
11075
11161
11080
11097
11146
11031
11082
11163
11048
11112
11030
11126
11062
11137
11101
11018
11131
11020
11078
11140
11073
11032
11043
11096
3066
11061
11148
11128
11100
10146
11067
11157
11046
6042
11134
11155
11152
11144
11135
14815
72678
8642
72663
72654
72635
72715
12786
72699
72689
72657
72709
1185
72728
42213
12250
3087
12182
72664
56699
12814
72643
6397
72736
72708
72697
54916
45396
72734
72698
8374
20238
1189
16666
72731
72738
56763
72646
8780
12822
12219
72637
51708
72690
37846
41930
72741
42874
26534
72661
9436
45421
72700
72669
36058
72720
72683
72735
72714
54780
72742
72685
72721
72659
72674
72722
16046
72676
10130
39060
72653
72726
72730
45426
55707
72692
72737
54770
6385
72649
72680
72687
72695
72696
72710
72672
72743
35046
72639
1052
13730
44459
12244
24243
72716
72691
12217
72675
322
72634
72719
72717
72732
37039
22396
72673
1158
72746
36022
72666
72671
732
72744
1060
72670
13382
72642
36087
72725
72740
72679
361
58025
31190
3898
72724
72748
72650
37819
72694
72655
10206
72706
37282
72658
72686
72727
72733
901
36006
72745
59164
72749
72682
72645
72750
72681
72638
3880
54754
7766
36712
72648
72729
12279
72702
42206
72688
72705
3908
10957
31146
72647
4008
49095
9443
231
72668
12169
72662
33183
72667
29103
36051
72677
72693
47496
38697
72718
27019
72703
1127
72711
72712
72636
72644
36023
39433
72567
72713
37259
72660
36997
62111
12793
22926
4808
72651
72701
72751
3966
72656
72640
72739
63398
72665
9492
72723
16425
16608
45320
72684
19132
22234
72747
31215
37843
6624
72707
