11032
0
11014
11052
11042
11050
11122
11129
11016
11031
11110
11102
11088
11033
11013
11135
11138
11101
11139
11111
11094
11023
11045
11092
11067
11120
9524
11141
11044
10895
11090
11128
11072
6220
11058
11123
11083
11024
11048
3750
11063
11043
6202
11055
11053
11035
11027
11109
11108
11105
11116
11117
11113
29069
29120
29073
29108
29121
28995
29075
29090
29074
29082
29070
16617
29079
29106
29162
29099
29116
29061
29147
16638
29077
29064
16682
29091
5285
29084
16584
16652
29107
29151
29060
29067
16586
16605
16604
29123
29127
29134
29085
29125
45564
45541
45544
45540
45558
45545
45576
45550
45562
16644
16611
64767
64795
4063
657
8004
24554
64747
64762
16594
43254
64732
40522
64816
64788
16650
64857
64781
64802
64787
64844
16587
64753
10893
18402
37901
64729
64829
64755
64743
16603
64733
