11045
0
11046
11067
11107
3750
11089
11034
11049
11075
11016
11044
11129
6220
11106
11149
11055
11090
11124
11042
9432
11047
11117
10895
11043
11105
11048
11116
11054
11128
11136
11135
11102
11027
11041
11091
11063
11053
11139
11036
11133
11121
11052
11076
11113
6202
11110
11140
11083
11024
11033
11141
11151
11062
11108
11109
11092
11101
11095
11119
11137
11023
11025
11120
11122
11013
11031
11032
3967
11123
11060
9524
11115
1045
11071
11072
11029
11039
11040
11094
10146
11035
11088
16651
16597
16615
16603
16605
16636
16611
16614
3898
16596
16655
16609
5285
16635
16616
16589
16604
16673
16641
8780
16613
16584
16663
16701
16594
16629
16621
16717
16672
16585
16707
16627
16657
16579
16671
16638
16643
16652
16461
16662
16598
13382
216
16576
16617
16677
16582
16593
16610
16688
16588
16705
16650
16653
16601
16685
16590
16675
16586
7063
16682
16648
16631
8017
16656
16649
16602
16578
16619
14815
16587
16644
29068
29102
29095
29094
29082
29125
29072
28727
29109
29121
29090
29114
29186
29134
29158
29147
29100
29116
29171
29145
29169
27357
228
29120
29097
29074
29143
12348
29079
28995
29093
29084
29098
18616
29070
29105
29062
20673
29136
29146
29089
29129
29127
29066
1115
29103
29092
29067
29069
29126
29059
29087
29073
29156
29064
29057
29083
14803
29099
29151
29182
29061
29154
29107
29168
29138
29060
29077
29142
29108
29071
29149
29141
24554
12245
43254
64773
10893
18402
64766
64767
8721
12519
64755
732
64832
64867
64762
37901
64747
64732
64733
64756
64726
64742
8004
22358
64788
1651
64784
64818
4063
64729
45553
64786
1606
