1105
0
1039
1121
1061
1038
659
1034
1137
1142
1049
1119
679
1143
1187
1188
1123
714
1113
1047
1055
1090
1097
20848
10903
20884
20889
12671
8107
20845
17124
20837
693
20885
18908
20849
3882
8308
18891
20912
10383
16270
20890
20903
8333
802
12785
872
20932
18889
17131
20841
20835
20862
15457
3915
20865
14162
14376
20908
3941
20855
20883
1606
20870
20836
28034
28097
12149
28087
28113
28054
28130
28052
28082
28100
28065
28117
28046
28096
10948
28068
616
28043
21912
23215
28062
28126
28037
28042
28061
28110
28033
28051
28095
28073
28088
28071
28106
28094
28093
28058
28036
28060
28032
28039
8214
28044
28040
28041
12210
28077
28055
28084
28144
28070
8088
28069
28120
28057
28102
28081
28072
9162
28107
28035
28115
28103
28049
28163
28079
28131
28050
28056
28048
28119
28067
28116
48292
3013
23265
48330
48338
23211
8341
48280
18162
48293
23238
23258
48301
23260
36027
8331
23254
713
12854
23903
23247
30358
52489
52492
52495
52479
52481
8337
52506
52480
8346
11652
52499
30364
52476
19461
52502
4658
30369
52516
30330
52487
3956
52485
20450
52484
6251
243
41898
59682
712
59709
6755
12160
24326
7280
7891
13797
2689
9035
22304
3939
59675
