11094
0
11095
11124
11097
11122
11049
11083
11108
11016
11073
11055
11136
11039
11033
10895
11072
11027
11141
11138
11032
11113
11063
11117
11035
11135
11110
11067
11101
11062
11091
11053
11043
11074
11105
11107
11111
11140
6202
11046
11031
11120
10191
11137
11054
11116
11050
11076
11024
11064
6220
11060
11099
11048
11040
11014
11026
11087
11013
3750
11052
11044
11106
11123
11128
11088
11090
11139
29077
29089
28995
29087
5285
29070
29060
16584
29093
29085
16578
29090
16602
16593
29067
29075
29129
16652
29061
29108
29107
16638
29084
16605
29123
29076
16586
29173
29127
29154
18616
1115
29163
16609
29120
29162
29062
29083
29069
29088
16604
29094
29114
29071
216
29073
45549
16611
16635
45563
45542
45568
1933
45547
16644
45553
45570
8721
45561
45559
45546
45537
45557
45573
45538
34869
45541
45544
45562
45545
45567
45565
45536
45571
45551
12519
64788
64745
64815
64790
43254
64797
47481
64841
64730
64839
18402
16650
64869
16603
64776
64825
64758
64765
40522
64729
16587
64781
64755
64860
64866
64801
64816
64823
64857
64812
8004
64726
64886
64826
64753
16594
64787
64742
64743
64735
4063
64744
64840
64849
64814
64868
64759
64766
64762
10835
64747
64774
64856
64733
64737
64830
64779
64794
64732
64842
