111
0
81
120
44
96
100
123
12
92
34
49
45
116
59
9
77
64
36
126
11
39
58
110
61
86
104
135
75
43
109
84
74
140
40
94
82
85
5
136
148
113
157
106
97
91
46
38
13
78
30
88
105
14
154
3
134
26
42
8
93
6
53
60
156
149
130
2
4
20
162
47
79
80
122
51
90
128
99
98
68
10
102
107
62
161
164
27
15
168
18
144
63
119
137
57
76
101
158
0
72
7
56
24
37
127
108
69
32274
32462
71505
35176
4086
11956
920
4085
32406
936
4152
29848
5792
71529
3120
71513
5170
71522
5832
71507
71504
930
7568
4170
71523
71501
4161
71509
18878
4231
4164
7570
974
901
12721
7563
7562
923
4264
4205
71511
31422
959
31421
4108
7565
4103
71502
34376
7600
7576
