11283
0
4860
2324
4715
11288
4945
2241
5580
485
11284
5589
11282
5576
11278
11290
4859
2292
4845
4900
5635
11274
4892
2322
5603
430
5588
15879
15916
15883
15892
15886
15907
2291
5608
15884
5630
15903
4878
15920
15938
5602
12973
15914
15922
5582
876
15923
15929
7466
12514
4867
2023
2009
839
3534
554
2074
3490
7710
2243
850
4666
19016
3536
12097
19013
2049
19012
19020
3545
19026
19005
4725
14624
18817
25198
25255
25226
18797
4836
25233
21011
1336
7689
25280
25225
18828
2900
35798
18796
4850
2306
31586
1369
18800
24407
11621
4949
2012
9633
4693
18824
60562
18821
