1133
0
1067
1035
1182
659
1103
1053
1101
250
1167
1119
714
1154
1102
1164
1213
1115
1056
1051
1049
1112
1060
1083
1091
1039
1145
1156
1072
1066
1046
1089
1054
1183
1063
1057
1086
1075
1047
1100
1034
1191
1171
1137
1077
1243
1090
1055
1134
1068
1203
1160
1170
1118
1038
1129
1149
1044
1064
1052
1181
1197
1122
1132
1095
1041
1093
1117
1076
1188
1070
1221
1113
679
1061
1045
12174
8369
8276
12232
12253
12193
12183
12158
12201
12249
12218
11076
739
12262
12150
12164
12246
12209
12168
12190
12230
12216
10372
7752
12205
9037
9050
12247
8332
12217
12244
12146
661
12167
12172
12237
1641
2974
1606
12255
12210
12252
12148
12213
8374
12199
8180
12188
12157
12238
12214
12165
12241
12211
2913
9892
12162
12156
12229
12184
12202
12226
12154
9035
12173
668
12220
12224
12233
12223
8341
12192
12270
12147
12228
12170
12171
12243
12175
12248
9432
12163
12196
653
11111
12153
12195
12185
1658
12256
660
12251
12242
12191
12212
12186
9013
12222
12200
47818
43625
23249
7783
8385
9011
8386
34758
61701
11722
15969
23834
15268
15979
713
15967
62970
15977
15958
38318
62973
15970
62982
62974
62978
8013
3880
13831
14157
9012
12785
8335
9856
9855
15996
62965
52237
3914
52232
