11484
0
11485
11535
11496
737
314
11567
11527
11584
11526
11573
212
348
11581
11531
11558
11509
11570
11562
11596
11500
11582
11578
11565
11486
312
234
11517
11522
11591
11511
11536
315
11560
11512
11525
11482
11585
8761
11516
11503
11518
11577
243
11552
241
11546
11583
306
11568
11537
11580
11521
313
11597
11538
11478
11519
11507
11533
11506
11493
184
11476
11475
11599
11513
11515
11480
11602
11514
228
54834
36164
54852
54925
54892
54888
54855
54944
8791
54886
54867
54845
54956
54866
54865
54841
29405
54874
72628
29378
72632
72622
72629
72623
72627
