11565
0
212
267
11478
11514
11526
11518
11558
348
9293
11512
11481
11531
11602
306
11484
234
11577
11507
11486
11599
243
11585
11527
11538
11535
11506
228
11525
11591
335
314
11509
11596
11578
11537
11552
8761
11581
11519
11487
11503
11562
11580
11482
284
11505
11573
11480
11528
11570
11572
11560
11476
11475
11521
11516
11500
11568
202
45452
54883
54841
54847
54882
54846
54884
29405
54892
54870
54887
54857
54840
54853
54917
54906
183
54849
54918
54873
54896
54845
54877
54880
3898
54837
54895
54916
54852
230
72623
72631
29378
72628
72624
