117
0
78
75
38
77
5
25
122
127
157
174
137
92
9
161
99
147
28
13
80
56
37
45
93
128
123
125
18
68
69
57
17
24
94
156
90
7
36
85
129
91
158
109
52
4158
930
7566
4108
32439
932
4085
5058
34709
899
7574
34726
4212
7616
3160
34704
55208
12354
898
3266
18493
55248
894
55236
20115
12353
55230
34698
906
60836
4193
2247
11958
20092
46903
55490
20103
47292
5182
25123
60885
7583
959
60877
60861
60852
7603
45029
11985
55496
30481
60875
20956
2598
2248
7579
3183
3120
4105
960
4334
22454
946
25137
12742
70060
70041
32014
5028
72972
5049
5050
