11727
0
11706
10761
11698
11732
11731
11726
11723
11703
11699
8363
11714
11705
10448
11700
11710
1178
11725
11702
11707
1160
11733
11720
11719
11722
11701
1145
11734
11718
11737
1169
11741
11753
11717
2987
11713
26214
26206
26189
15961
12243
26199
15979
26205
26213
26192
9856
26194
26188
55508
15970
8180
10147
15958
15977
62980
8335
15993
9012
10229
19860
12158
1067
1049
15997
15268
18308
1102
10781
62977
34755
31256
52232
38318
7752
2913
15350
1150
1203
1100
21940
75920
26284
23255
75923
9037
21931
