11753
0
1764
1145
7964
11711
10448
1178
11720
11727
11696
11741
8333
10790
11708
4677
11715
11700
11722
7678
11706
11820
11808
2291
2974
7672
11718
11784
1374
15968
15967
10803
15991
15977
15965
15985
15969
16001
15970
16000
15989
7766
9855
15979
15978
15988
15960
6304
10791
10781
12192
7647
15961
15993
15958
8335
15959
15994
7679
16004
7727
15972
10748
31078
34790
15350
12529
18322
9856
34765
2913
34778
2971
34830
15245
12243
52249
701
9004
9050
62971
7658
1133
62988
62976
62980
5638
7719
31256
1067
1115
1102
