11762
0
2987
4694
7979
3617
4677
1764
1374
2291
826
7964
19998
7646
10757
7431
7414
10743
10799
12965
7443
3490
7416
10772
4845
10911
5589
19988
19942
2306
2914
4407
19941
6304
13283
9633
4752
2900
12671
8107
2324
701
11658
12785
15762
12786
20849
14076
33248
4683
33217
33201
7429
15882
2942
822
4734
2964
33210
7412
27930
2022
7689
4658
7733
27304
10776
7464
45690
7469
27922
27972
45730
27299
10789
45713
45702
7668
7694
4777
10746
45724
2145
24988
45700
45721
38156
45699
1722
45725
7395
2330
2070
2903
2062
2038
4391
30386
2302
2246
8080
1656
817
2990
