11765
0
1145
1160
11720
7979
4662
11702
8363
11721
2987
3617
3967
37562
37617
8107
6825
5844
822
842
61516
44490
56076
37597
62433
62445
491
12158
9050
12176
62473
62495
31571
8013
62464
31296
62425
31308
62444
62453
62467
7502
9016
6755
62430
9012
66838
8385
66856
6719
66816
52233
12671
1064
66844
66820
66873
66827
66855
66841
66871
52256
66860
7269
66833
52252
52994
8993
52227
53005
22235
66835
52235
66866
701
31334
66865
9008
9002
66884
15350
66837
66828
8386
66840
66812
9009
9042
52224
66815
66823
66878
66808
66882
