11935
0
99
92
85
137
12002
66
4213
77
11939
69
1021
125
156
972
12017
124
938
11938
11951
24
52
128
954
894
11964
908
9
4220
959
75
11947
94
11985
11982
910
17
930
68
12000
142
129
11963
4108
932
57
11961
34726
31478
80
31441
162
25143
906
86
12361
47582
3266
90
20982
55207
12353
55231
123
5170
13
30501
18485
55229
159
55232
7574
55251
55212
12690
146
7587
46
18521
55491
6
55496
82
55490
168
38
55489
55498
55495
931
25123
60832
32439
60841
60866
93
60830
67125
46918
67107
67141
67124
946
5044
960
7566
47298
970
35242
72986
