11956
0
894
77
99
132
11958
11970
919
4108
128
7586
69
91
3160
4220
18
156
129
972
37
11957
75
11975
930
92
932
11943
137
9
103
898
85
68
157
4154
5792
161
906
21996
6578
39
20830
79
63
6944
30475
13
82
4119
3120
29857
20
4196
4151
41
7
38
4
101
162
4194
4162
35209
120
7607
35248
35194
18485
35223
22429
4198
4170
96
80
35171
16728
29
7573
18493
35193
105
5058
74
51
127
113
45013
4069
12356
116
43
45011
45041
38193
4200
12354
131
4212
45022
7565
4085
45029
45058
2598
12
34389
39968
7599
45035
45037
32
140
158
20130
58
26
46938
141
46947
46901
46925
5
32462
39249
20948
39698
20081
47301
47314
47276
47265
146
47286
47302
47307
47267
45
47288
95
22433
34701
22448
7598
1001
931
47562
20104
81
27535
57405
22424
70137
7575
4264
40001
5327
70147
70152
20082
5160
39692
27594
71519
974
964
