12022
0
12066
12068
11232
12050
12047
11211
12035
20542
20564
20544
20525
20533
20591
20559
20601
20506
20644
20510
20536
20589
20534
20607
1053
20522
20513
20498
20515
12188
20519
20590
20592
20630
20573
20499
20531
20551
22980
23019
23060
23016
22975
22985
23028
22983
23078
22965
23031
22968
23042
22986
23052
23049
22677
23003
1225
23014
23063
23007
22966
23046
22964
23045
23048
23001
23092
22993
22967
23018
22989
1653
22995
23039
22963
22997
23037
23040
23004
22994
22972
23020
23053
23024
22981
22973
22979
23032
23013
23010
23021
23023
23062
23050
23070
26998
27001
26991
26984
4063
27031
29667
74693
56934
74649
74616
74648
74626
74661
74602
