12026
0
12040
12029
12050
12067
12034
12030
12031
11215
12084
11253
12065
12028
12045
11244
12054
12085
7777
5722
11251
12022
12059
5627
9069
12032
11196
11211
12036
12066
12025
12039
12057
2991
12068
11195
12058
12027
12070
12064
12074
12033
12047
12043
12056
12072
11214
12094
11219
11232
12053
1671
29696
29698
29738
29717
29702
29748
23081
1099
713
1653
29767
29747
29786
7783
10420
803
29686
29780
29734
29781
13376
29678
29729
29669
29692
29667
29735
40506
40527
40532
20601
40518
20526
40487
20627
40498
27010
44189
5724
44223
44244
44236
44209
3087
44241
44255
44191
27104
44235
44278
44211
44224
44220
44233
36380
44215
44272
17755
44226
44210
5601
44222
44190
44213
44238
44193
44227
44192
44240
44237
44199
44228
27018
44284
44195
23830
44251
44196
44207
5713
44203
44205
11206
44216
44231
44250
44257
44248
44194
44269
44275
44260
44232
44197
44201
44271
1611
44225
44198
5600
44208
44217
44206
44204
44202
26992
8444
44265
13786
44263
44281
44219
44105
44279
5625
27039
44246
5647
44258
44200
44229
63796
63805
1606
13808
63800
63815
63806
63807
34613
1102
63817
11229
70910
70950
44383
70986
29265
70949
70998
17786
70928
70920
70942
22684
5656
11183
70965
70978
70953
1641
712
70948
70967
70943
9090
70981
70993
70937
29225
17222
70904
12188
70911
10370
71011
70919
70980
70941
23023
64820
70954
62423
70921
54691
29226
70926
