12027
0
12028
12035
12043
12034
12057
12040
11211
11253
12042
12050
11196
12054
5627
11219
11214
12032
12066
12068
11232
12022
2991
12078
12074
5722
12031
12026
20513
20536
1099
20597
20525
20544
20502
20651
20521
9076
20527
20658
20531
20607
20510
9050
20553
8554
20613
9008
20498
1102
20540
9011
20519
20497
20542
18302
8994
10420
20583
20570
14157
20535
20514
20587
1093
1052
20545
20573
9035
22971
23061
22674
1225
23046
23063
22989
23098
23001
9090
22969
22994
22975
23089
23014
22963
23024
22995
22990
23011
22965
22972
22973
1653
23023
23083
23049
22980
8999
23047
