12043
0
2991
5627
11211
12068
12022
11253
11214
12066
12027
12047
12030
12034
12071
11232
12045
11205
12057
8013
12078
12064
12035
12031
5722
19482
22683
22688
22682
8408
22664
22685
20624
22674
22666
22678
22665
20587
8388
22669
22980
23003
22962
23031
20525
23046
23040
23061
20601
9090
20564
23000
22973
23024
20510
8999
23030
23025
22994
20542
23036
23009
23007
22992
23087
22979
22981
23020
22969
20519
20531
23014
23089
20536
22971
23023
23057
23019
12188
23050
22989
22988
22995
22985
23002
23004
1225
23063
20533
23070
23086
20540
23012
1653
23041
23005
20570
23047
23049
20532
23045
23043
1055
27029
27006
27001
26998
11229
27039
27011
27027
1053
20516
27013
27018
5717
27015
27014
27050
26984
26986
11206
27032
27022
17755
44217
44220
44241
44207
29702
44205
44258
5600
44208
44213
29687
44202
5625
36380
44190
44199
60993
24176
29667
61002
659
11183
24174
20553
15263
61025
61083
8386
61036
61024
24932
1099
20658
68069
68063
7783
1641
20551
68072
71005
17222
9094
70948
