12068
1
12069
12027
12035
12047
12040
3880
12066
12022
2991
12054
11211
12031
851
12074
12036
12057
11232
11214
12043
12073
3999
9035
20601
20570
9050
20574
20586
20552
20559
7792
20523
20544
20534
1052
20515
8995
20551
20521
10372
20543
20595
20533
20634
20573
20518
20536
20602
20553
20639
20514
20517
20561
10420
9043
20607
20532
20593
10383
20591
9076
20564
20537
20576
20519
20609
20624
20560
2699
9011
1053
20575
20539
20524
20525
18302
20500
20589
1641
20498
20542
12249
20507
20597
20531
12188
1099
13376
20520
9008
20652
20555
20585
20506
20497
22967
23002
22969
23053
23027
23049
22990
23022
23000
23046
23122
23070
22978
23045
23024
23038
23087
23008
23012
23033
23003
22985
23020
22979
22981
22996
23017
22973
23032
22988
23035
23057
23068
22989
1225
23028
22677
23052
23043
22991
23041
23015
22963
23063
23021
8999
22980
23014
23007
23005
23078
22994
23040
23001
22995
1653
11184
22997
23023
11206
26984
26992
26993
27050
27018
27032
27031
26990
5680
1055
27014
27013
26998
9049
26991
27020
27029
26999
11187
27001
27033
27010
30537
9030
30562
3967
8991
30571
6755
30554
26509
18080
30544
30543
30548
30612
4483
7280
714
22249
30546
30596
26535
30532
28305
30527
21884
30533
2899
12786
12253
18162
3640
1111
17222
29667
12195
44110
53877
53926
53914
22684
53888
26551
660
8341
68063
8369
659
12174
1049
653
661
8385
36086
8353
8017
216
20883
68229
5442
38301
56934
9034
36380
74693
51390
74625
74611
74680
74697
38311
12165
74647
74649
74677
74683
74638
38322
74617
74664
74640
74627
56963
74652
