12097
0
813
12102
839
3471
16819
19017
16764
19014
19003
10815
19020
2009
19029
850
19024
19011
19001
19002
16832
20056
6278
4859
2953
19340
7431
5650
20009
2309
5623
4394
3461
10808
20061
2936
20047
21258
21308
21291
2291
21345
21374
21274
21315
12293
21403
21269
21321
21370
21378
21265
21379
21300
21273
21358
21343
21263
21264
21360
21331
21368
21310
21359
21344
21326
21355
21262
21324
21334
21252
21292
21290
21254
21267
21389
21297
21255
21271
21285
12957
21339
21276
21362
21372
21302
2246
21330
21407
817
21295
21287
16738
21283
21396
21266
2302
21352
21282
21299
21305
21259
21314
21386
21365
21246
21279
21371
21329
21288
21401
21350
21341
21328
21260
2256
21281
21325
21247
21286
21298
4429
21268
21367
21257
21303
19954
21275
21361
21248
21253
21272
21385
21313
499
21249
21400
16737
15924
21278
21256
21311
21316
21251
21284
21351
21357
21395
21335
12988
21301
21342
21381
39157
39144
39150
39151
16782
39159
2960
24456
39145
39141
39148
44922
44923
24954
526
61334
840
16844
64608
10695
38402
2038
70336
70338
70323
70340
61309
70316
70333
70335
70088
70318
6324
2239
10821
76095
