12168
3
1172
10372
12199
11736
12205
12164
12245
12170
12159
12261
9050
11111
12191
12214
12246
714
9013
12232
1049
10214
12229
2974
12233
12262
1133
1093
12202
1063
1056
12249
12165
12162
2913
8374
739
12150
1149
12204
1046
668
12213
12247
12175
1064
9035
1034
8332
8276
12210
12256
12166
12183
1113
9094
12211
9037
12153
4584
12220
1641
12146
12157
12185
12277
659
8341
12188
661
1095
3444
12195
12243
1102
12248
1121
12147
12171
1051
12226
653
12172
12158
8369
660
12265
12230
8180
12253
12163
1606
12218
9892
12156
12174
712
12238
12184
12148
12266
1055
13775
36747
74381
74370
834
58237
8280
62275
355
74377
8397
74365
74369
7227
74405
74389
8289
74374
74393
27094
74375
1115
67733
74410
23232
74388
74383
74396
