12183
0
12184
3444
12193
12153
12210
9892
8332
12174
661
12243
12171
7752
8180
12172
12168
714
1121
12256
1606
12255
1095
12156
12150
9050
12211
12262
12229
12247
1149
2913
12173
8374
9035
12164
12147
12232
660
1055
11736
12148
1056
653
12167
1133
1034
8369
1063
12195
12165
9013
12246
12158
1051
1049
12252
12157
12266
12205
12253
9432
1651
8276
659
12146
12175
12170
822
11111
2974
12202
1641
8341
12220
1113
12154
10372
12226
1064
1067
9037
1093
1046
12162
12671
1182
831
19461
679
23207
20261
8356
23290
701
23303
9095
7257
23255
5851
12667
228
8359
2689
8360
9022
11658
23259
11652
8331
8333
23249
23232
23296
73585
8282
34745
23536
73572
73559
73548
73549
73574
73557
34857
73570
73553
73604
73547
73556
73587
73550
73580
73558
73608
73595
73573
73589
34759
73576
73588
34764
73579
62980
73593
73566
73601
73571
73554
73569
73560
36519
73568
34757
73586
73561
66050
73551
73600
73597
73546
34761
20482
38318
20238
73611
73591
73562
34779
73584
