12212
0
12199
12146
2974
12226
12219
9432
1658
12172
12229
12208
12259
12276
12241
12160
12164
3822
11076
12169
12161
12274
12217
12151
12272
12155
12273
712
12216
12176
12254
12192
12162
12177
12197
1056
1034
12234
12244
12271
1641
12179
12180
12187
12181
12167
12178
12184
12275
12190
12267
12203
12240
8374
12152
12260
1064
711
314
12171
661
12250
1055
11111
12227
12222
1093
660
12279
12231
653
668
687
1051
7752
12218
12193
12186
12201
1172
12221
12198
12207
1651
8369
12237
12264
9035
12189
12239
8332
9050
12242
12147
1121
12228
12284
12196
