12344
0
12331
5285
13010
12998
13032
13042
7966
3894
8341
659
1336
2899
13382
12154
822
7919
15869
15858
3406
524
632
17185
7745
10795
17231
17182
17209
17188
14239
17235
17232
2923
17217
7994
3936
7712
18186
18224
18175
18192
566
18168
3560
17570
18162
3600
18177
18167
18194
1578
713
8014
18195
18188
8108
18212
5442
18153
18158
19860
2108
9883
7958
2981
496
22301
22288
12095
3008
22304
16425
12817
22280
12785
9436
30833
30745
30731
2969
7891
2996
26044
30730
6008
5309
3422
9581
30822
19060
30854
4483
6624
3898
3967
38877
38855
1820
38876
38898
701
13602
38938
15748
38945
38862
8017
28649
10807
8107
38910
8004
38918
9524
38925
3908
448
5359
38921
10918
216
19181
6719
44899
54202
15003
54206
2324
856
54232
3905
7975
35304
4686
3434
2689
16817
62925
13714
35113
1317
51261
12983
2906
26729
51197
40063
1563
22506
3013
74519
55344
74559
74534
74517
