12353
0
95
12355
99
12352
85
12373
12356
92
12361
5058
75
12359
68
162
50
12380
80
77
20981
20966
20944
20948
12713
12698
129
16990
20993
69
12706
21003
3287
20967
20943
34703
34709
894
930
57
20
9
932
34702
959
25125
34696
4076
22448
34705
27603
48
47562
47554
47567
139
96
47276
90
51
47553
25143
133
47597
47577
47556
47573
49954
7622
49950
49963
47328
49956
49961
46614
46615
49982
49983
50038
50058
7615
49993
49967
7599
55227
18521
55215
55255
55241
12690
12699
12691
55230
55214
5170
55207
31436
13535
48640
70225
22428
17309
4229
9639
954
17241
12750
70227
12742
43
12701
1303
9625
33656
4357
2598
