12534
0
834
12628
2328
849
12533
7979
2246
18240
1115
17797
7423
18183
8363
12529
18177
18217
18214
5243
3491
21316
7710
1369
4665
15298
2927
29489
11782
16362
3967
12330
13547
15280
34774
34816
21940
2913
34802
13505
34745
34831
34761
34792
34795
34788
34824
34815
34769
1049
34796
34771
739
8335
15248
11777
712
34830
9856
34758
662
1606
711
34748
9037
34742
31078
8341
34753
34759
12525
1641
8369
1193
2321
2049
1374
1807
4680
26278
2009
4694
62667
70102
57092
70117
35854
4839
2353
26236
52279
70125
70124
7867
7455
56838
13543
679
