12539
0
1024
3315
12586
2891
12554
12551
3401
849
757
2926
12605
12597
1030
12603
3360
12608
3317
2947
12610
12615
12558
12579
3365
2119
12536
3366
12538
10921
4398
3314
3336
3384
10938
3302
12588
12544
3446
3332
834
12546
12589
12584
12562
12572
3319
3371
12577
12596
3338
4413
15175
15196
2026
3309
3326
3316
3298
2062
1347
15161
10908
10928
4393
2333
2038
3358
802
3348
12301
15821
16532
4379
3357
19046
9668
19078
3351
26729
38352
41510
37506
3353
41490
41500
38353
4430
3413
4423
41492
3292
11911
41513
19644
19641
26716
499
38361
3431
49228
