12543
0
10869
3302
3366
10921
3317
10912
10890
3315
3296
3394
3446
12553
757
4450
12565
10938
3336
3312
10877
3395
3337
12581
3313
3319
4455
11869
4398
4726
12603
1032
10889
12536
1029
2328
1031
3360
12597
12537
1024
12572
4375
4367
15160
3329
1385
2049
10928
2225
3399
4379
3425
2111
4405
3357
3323
2062
4413
4456
4403
4364
4419
3306
2117
2026
4452
39798
33512
6318
1027
20903
3346
2969
802
11926
15496
17483
68573
4777
38361
3316
3397
19672
4368
3344
72154
19954
3370
38371
4444
27550
4373
4430
1347
3880
16533
36816
15810
41819
3354
