12569
0
3360
12536
12555
12592
10921
12603
4726
12554
9695
12588
849
834
12610
12564
12628
3319
2936
9673
2241
12583
2947
1026
12620
12589
10927
12596
1030
12579
430
12602
3401
757
2926
2119
10900
1024
3336
12576
12614
12542
2891
2925
9656
12624
3315
12605
12561
12558
13576
13630
13577
3444
13655
13567
4666
13723
13565
13670
13644
13600
4755
13604
13708
13669
13666
13595
13640
4926
4879
13569
4655
4773
13681
13570
13688
13639
4664
13677
13572
13663
13694
13650
4710
13603
13580
3293
10341
13633
13660
13687
1656
13725
4707
13621
6690
13620
13676
13627
13589
13674
4775
4703
4717
13609
10815
13634
3316
32186
32205
32195
32199
2038
32184
4912
19887
50300
6296
19376
50284
50281
4672
38238
45518
50294
50279
19895
58346
58323
35492
58347
58358
58340
58334
58329
39819
58324
27568
2353
4402
2255
35440
30084
2018
27866
35439
4383
20407
2026
19299
27560
