12676
0
932
4143
12681
85
6929
4108
9776
12693
5057
4173
933
4210
4158
77
99
91
12685
12687
5308
12675
5050
4111
12721
4100
12678
4084
28
12728
4182
918
92
12710
4118
4186
12694
4076
9626
4121
75
983
69
12726
12705
4156
12724
3981
12690
12677
4188
12684
12716
994
3899
5049
12750
4161
5306
12712
161
68
948
12749
12722
1303
12682
12717
4155
4313
12702
9757
12700
9
12701
9389
5172
894
9784
12679
89
12706
12733
12683
939
12746
12697
12686
12730
162
9754
4320
2598
84
6920
9755
8562
12734
13405
6945
9394
4209
13442
4096
13427
4103
4249
13450
13400
6940
4163
13390
34
13457
13402
9743
13464
13451
6913
957
13397
13412
4147
6870
930
4099
13426
13407
6886
4150
928
6884
156
6924
927
13392
6917
20
13436
13406
13419
941
13430
13401
6933
9374
4072
4152
13395
4167
6888
919
13428
13410
13415
4126
9753
9377
4127
13422
13391
13404
6955
66
9381
13441
13425
9733
4159
13458
4102
6904
6878
904
4157
4183
4091
9775
9404
13439
13435
13396
13411
952
13445
889
13438
13413
13429
4217
13432
13453
13449
4119
4164
4169
13434
13394
4074
4214
929
13408
9745
981
4077
4174
13462
6911
13468
13398
6946
13421
13416
4171
