12675
0
3207
2598
6182
4156
7629
12697
85
6929
12734
894
12699
12707
4158
12706
9407
4313
9755
994
5172
12680
12696
161
4084
4118
9626
9389
5308
12719
3899
12679
12727
12684
4182
4155
7590
4108
4210
89
9385
12677
5300
4161
12721
918
91
12750
92
12742
948
4173
12690
4180
939
4076
9784
12743
4291
4100
2248
1303
2382
983
4121
99
84
77
9776
12691
6920
9
4195
12755
12705
12728
28
75
4188
12678
12702
12683
12710
4143
69
9757
162
1275
9754
932
12722
12687
12694
68
4186
933
4105
6877
6577
7568
4147
4179
4141
4167
18882
6878
4127
4215
4175
4091
4070
6933
4109
6884
41
4163
4152
129
4
7613
4119
18884
4164
4189
6886
6911
4072
944
9747
4077
4217
4160
964
4092
127
901
4101
906
17316
9809
4177
905
941
4206
6894
9801
4249
13426
18874
917
4150
13405
4247
9373
4146
4103
4096
927
18887
1005
4171
4078
928
20105
18493
7593
52
17
63
105
78
20142
79
137
61
40
20090
7573
94
56
140
37
5
18
7565
57
32284
31479
991
29852
4122
6891
13462
32278
6918
13425
32289
4093
6915
6917
4075
29903
987
13439
13415
4102
6921
919
32292
66
32293
4159
32288
32273
29989
13450
34
4169
13416
6888
14177
32281
32290
9735
13390
6913
18287
6914
6898
32291
32277
897
22001
32287
930
5026
88
148
4205
153
7606
144
30
7579
