12678
0
939
9626
9810
4158
2382
933
4182
12683
12716
4108
12676
12742
99
894
12682
12750
12679
6182
12706
12728
4100
4111
4143
85
2248
9784
12702
12697
983
77
12681
4105
12734
12719
4320
2598
6929
4156
4161
9389
12749
89
12724
4186
12726
4121
12721
68
9755
8562
161
918
28
4180
4195
12680
12675
9776
9
4155
12685
4188
4076
92
4313
9757
932
4173
12729
12677
12690
75
12694
84
3207
12722
4118
994
69
5160
4124
18291
4090
6933
4175
6914
4
6884
6879
4081
4152
4087
4166
18288
930
18287
4147
6880
18290
29968
30007
995
25349
6900
29965
6873
30015
30003
29989
4104
9772
29903
30002
13412
29983
4123
30011
34
4163
29966
29982
6948
29955
29995
29975
4167
29961
29969
29998
4096
25373
29988
7613
6903
6953
4077
29996
30020
29967
29987
17278
29979
4122
29991
29960
29993
29973
952
30033
29962
6945
29994
13441
29985
4150
964
9792
911
13426
14186
901
13416
13393
6899
941
6891
6886
6911
13449
6904
4075
6915
4119
4103
35995
29917
13432
13435
129
4091
35994
4206
9374
6910
912
35985
6917
990
