12682
0
12683
4158
89
161
12716
12676
4108
12679
12728
9757
12696
4182
12712
4173
12697
12675
77
91
12685
9389
12719
9
12726
12736
12742
9776
918
12725
85
12703
4121
4143
12686
12709
933
162
939
4161
12737
948
12684
12694
28
2598
99
4155
4076
12677
4118
6929
84
12702
92
6920
1275
9755
4156
12678
4100
4210
12722
4249
6913
13415
4102
13407
6955
9377
927
13413
941
9782
13450
13424
4091
13445
9753
13414
13396
13442
4147
13432
13429
4127
129
13408
4169
13454
13412
13435
4171
6870
13397
6945
4159
6904
4103
4214
13420
930
13395
13409
13433
13403
9743
13404
13410
6888
891
6917
13457
9380
13426
9394
4164
13434
13427
13428
13402
13422
4152
4150
13399
9739
928
9772
4157
13406
4074
13458
13393
13401
13469
4096
20
6946
9404
13390
6878
13394
13436
13430
905
13425
34
6884
9733
13411
13440
957
13443
4179
7568
13398
9374
6940
