12712
0
12706
6182
4173
12690
5172
4158
5306
12697
5182
12730
2382
9757
4182
12682
99
4188
77
12750
9005
12683
8562
3899
4105
4320
4155
12684
9810
4076
4118
6929
85
12676
92
84
3981
2248
28
1303
4313
4186
75
4108
13423
13401
13465
901
13420
13472
9753
13440
34
13416
889
13411
930
9377
13453
4096
4150
9811
964
13406
13427
4102
13432
1005
4081
9743
4152
13402
13404
6881
941
927
4159
13437
13417
13397
129
6945
9772
13426
6917
4163
13410
13425
4074
6884
13394
6940
13456
13455
6878
13461
6930
13422
13447
4142
9733
13424
13393
13471
4292
17252
4299
17282
17316
6477
17318
17273
17241
17345
17337
9629
17309
17296
6915
29929
29903
4177
29883
29963
29975
6948
30004
4
29955
995
29961
9799
29987
7597
9801
39992
25347
39991
4334
9792
32556
39987
39969
