12785
0
12813
12787
7712
12817
7404
10737
12786
6624
9524
3880
3889
12789
12773
12780
12815
1820
12819
10795
12781
4686
12793
8335
872
679
11658
8107
714
20870
20849
10916
1105
7270
2987
20915
13283
10252
659
1063
9003
8386
2923
8341
713
9022
3938
3934
3894
3898
28686
18104
3905
11816
13518
1651
228
3966
4793
3875
30304
18188
8931
29103
30833
12120
3983
30817
18243
2969
7958
13918
1045
5309
6008
30737
3431
30812
3899
5272
3406
17217
3967
27357
4658
856
1303
7966
5336
34547
6445
34551
1187
34503
10157
32035
24326
26867
19860
17607
2899
4578
35883
11641
7953
14741
10918
1578
8004
24340
24328
8017
7975
14722
14206
14220
28649
35925
4063
5285
3600
2598
3936
5333
18168
7994
18194
18186
3908
18158
4792
216
17455
5277
34590
22288
3258
5359
3879
42692
12739
43363
43312
43318
12693
14744
44016
16464
18954
44031
44030
44046
44021
25684
4037
44899
5327
5373
901
16409
2906
34443
14395
732
26872
3989
3949
37604
14759
23957
39869
3254
10939
50777
12854
51572
3186
10358
7257
1113
11656
1563
52285
58161
24113
3561
4896
58192
49345
12665
3999
9585
733
13714
589
3877
7745
60253
60237
6521
60176
24331
60204
22280
60192
21926
38414
12971
3434
5360
15073
36027
653
40063
19171
62111
19170
33696
17570
9856
10718
8086
36086
12847
35317
10792
62844
69971
4536
14798
58293
