12877
4
4063
7731
12879
1651
12665
685
33217
4734
27930
454
33211
30374
7979
18905
13359
2037
2022
33256
15741
33247
7429
701
33224
1745
679
822
33222
8107
30400
21846
33287
7675
33210
33197
33244
18891
4752
1767
17135
11691
27389
18889
8088
18709
831
13602
7665
33240
17123
2291
33213
18910
14592
20052
2049
10903
7710
33223
33267
4697
8378
10970
33218
4658
20458
28040
1778
22759
36463
5844
4584
36513
7280
20900
21541
36508
6719
17126
21540
36473
36484
20858
8333
36465
21504
7974
20709
4728
36523
2341
15457
12671
26331
8023
649
36494
36514
5243
243
38987
39060
39038
39049
39003
3898
733
1501
38991
39050
1958
36330
38986
38997
38984
38995
38990
39047
39070
39024
38992
39052
39013
690
39042
39017
39016
39058
39006
3938
39007
38988
39044
727
17560
17804
44294
22322
17094
44334
7960
20449
20849
2913
44335
17124
14408
38947
15458
5314
41554
21664
44296
44338
44317
44313
14376
44321
8026
14377
14411
20862
5691
22748
17631
1699
14406
44307
44332
16406
14414
20888
