12885
0
834
2908
2903
12864
4694
8319
12850
12833
4696
20010
20005
10786
4903
20025
20051
3490
4850
15164
3525
2023
3461
2067
17885
4846
4700
4818
2306
4693
2309
1807
2049
4842
20071
20058
4845
4404
4912
3491
20014
4822
2008
4902
20028
4859
430
20030
20039
19289
2324
6278
4723
2024
20024
17918
20046
4896
1369
4904
4722
6318
18790
20031
17930
24413
17927
13640
25705
2012
4686
2904
25698
25675
17896
22120
13705
4777
17886
2254
8107
25701
25727
3434
485
17887
6693
2322
3936
4935
2037
18466
22101
4823
25679
10734
18780
4472
39641
10815
4703
6298
2255
7650
6663
34083
1619
4662
3543
22119
13559
4766
8080
1030
2900
7852
855
1374
4680
19937
4044
4677
22124
2927
4687
