12959
0
12293
7891
12294
12971
6679
12301
12320
2900
6236
12964
2226
7660
12975
4431
5638
12309
12957
4693
6327
7442
5762
26055
26020
24189
26065
26093
26008
26026
18659
26047
26015
26032
26013
26037
26042
26004
15425
26035
26060
26043
26027
26039
26023
26074
26056
26033
26009
26029
26030
26022
26038
9944
26024
26012
12341
26025
26062
6252
216
3013
26010
18581
26073
26031
26067
26005
26014
6065
27364
2903
1374
39155
2324
12289
40807
6662
40786
40754
6663
40772
6232
6312
40802
9678
41404
14645
10743
6024
20052
2909
30118
2038
50121
12425
27393
50136
7319
26164
56283
9144
7407
26975
7447
7668
6702
12306
61535
38164
7694
861
26152
2975
454
1722
5644
