13
0
27
68
161
57
108
92
6
163
51
162
62
133
107
7
85
40
32
18
38
132
88
171
48
17
105
41
149
117
1
140
46
99
50
39
19
103
20
69
23
14
91
37
127
36
81
90
146
158
61
113
77
120
63
148
35
164
12
9
86
143
24
137
168
123
21
80
22
18541
18485
18480
2382
11976
20090
12015
20137
20081
20104
7573
7583
7565
11970
7593
20092
20083
20149
7616
20099
906
4108
30504
20830
910
30475
5170
4162
25113
3120
12355
4151
7580
30502
908
5182
11956
30526
4216
34708
12373
34696
32027
34709
22471
12354
11938
35141
5028
35194
1303
35242
35171
11682
35168
35237
35161
35240
34380
11947
46896
46899
46894
46934
22430
7618
45046
32439
32010
46906
46918
46889
46938
46912
32014
46905
46914
46936
46951
46929
46903
55214
55215
55233
55255
20967
55207
55229
55223
55219
55228
7591
55264
25143
55220
55210
55242
55216
55209
47339
7587
55243
55208
27535
55235
57406
57434
57470
57460
45035
46643
2247
60878
7603
67027
32485
2313
67010
67082
5157
22465
31957
31993
9407
25137
32011
2341
2355
2248
4229
67083
67129
67132
11937
39251
25146
67107
67108
69319
69300
32403
27602
5050
47300
5049
