130
6
131
85
33
109
44
56
14
116
151
76
31
113
16
38
87
117
59
148
106
102
35
17
154
5
51
173
143
88
127
144
26
162
70
92
71
1
4
161
134
41
99
61
105
52
28
124
13
53
42
58
126
39
128
30
160
45
84
55
137
10
6
93
107
168
73
125
40
34
133
79
9
119
94
91
8
0
18
135
78
115
64
66
37
101
122
140
47
74
97
63
136
77
108
157
82
155
32410
32449
18485
32478
32431
32424
32411
20105
1303
20130
7565
31422
7568
32456
4152
32466
4108
7606
32405
32502
32483
12721
30476
32454
32432
4231
4158
29857
955
7573
32485
7560
32450
32446
32409
4229
32406
7563
930
7593
32401
32462
7583
71286
71282
20115
910
11942
34396
71285
936
34395
938
45035
7579
894
