13031
0
10934
13027
3968
10948
5677
4658
7459
26560
26572
26563
30361
30388
30399
30408
30389
30339
30413
10900
20873
30328
30394
30352
30327
30419
30346
30331
3941
30358
26927
30381
3996
30324
30354
30362
28071
30364
30321
30340
28062
28086
28082
30456
30338
30417
30377
30376
30460
30359
30322
30344
28040
30392
28140
30448
30404
30332
30334
30318
30465
30468
30383
28080
30403
28094
28048
30363
30382
17131
10911
30402
21912
30441
28081
30329
30437
30407
30440
30412
30357
30333
30434
8088
30347
30323
30349
3956
30446
28052
30457
20884
30316
30369
30368
30373
3969
30319
30355
30386
18908
30406
30353
30343
30463
28059
30342
30442
30422
30443
30350
30385
30444
68529
75119
75134
75211
45998
20870
