13127
1
10734
13188
13151
9826
6572
10718
13211
7511
13251
13216
13174
13153
13242
13225
13158
13201
13183
13155
13202
13149
13134
13150
13163
13177
13231
13140
13182
13137
13168
9891
13173
13136
13171
13213
13207
13233
13138
13222
13159
13236
10731
13133
13184
13129
13228
13250
13178
7521
13204
13126
2679
8143
13191
13162
13164
2678
13172
13124
13131
13169
13194
13208
13247
8086
13148
13160
13237
9846
13474
13477
13492
8085
13499
13497
13502
13516
13500
1303
13487
13482
13526
13490
2598
5272
13475
13489
13520
13503
13495
13504
5327
13483
13501
13508
13510
8149
13525
13515
10717
13498
13518
21456
21428
21442
21450
21454
21465
21444
21447
21437
21467
21452
21429
21480
21425
21457
21451
21441
21446
21460
21434
