13139
0
13140
13142
13158
13154
10731
13167
13249
13220
13136
13178
13227
13241
2678
13200
13141
13211
13233
8116
13198
10734
13228
13148
13171
13248
13173
13204
13265
13138
13155
7511
13172
13182
13163
13245
13271
9826
13242
2679
13176
10718
13188
13128
13191
13183
13193
13162
8115
13202
13126
13240
9846
13247
13207
13177
7521
13273
13174
13151
8086
13268
13164
13213
13269
13223
13236
13153
9891
13149
13150
499
13474
13494
8147
5792
13500
13482
7860
8085
13515
13491
7529
13478
1641
10717
13497
5327
13481
2927
8149
13514
2291
13490
13526
13475
13488
13477
1115
13504
13492
13503
13508
13512
5285
12848
57892
21455
57896
41501
57848
57885
57871
32942
57855
57913
57858
12518
47984
57893
57876
57918
57911
4063
18341
57890
57900
12841
28995
57959
18374
18347
57909
24634
57868
12847
