13133
0
9891
13137
13135
13178
13225
13141
13251
13207
13159
10734
13233
13245
13140
13132
13202
13163
13196
13265
13188
13160
13171
13168
13191
13158
8143
13247
13175
13147
13153
2678
13204
13223
13248
13231
13268
13173
13201
13220
9826
13222
10731
13208
10718
13149
13252
13142
13236
13126
13151
6572
13125
13250
13155
8086
13127
13144
13228
13138
13162
13148
13182
13170
13129
13184
13238
13183
13194
13150
13136
13180
13172
13246
9846
13169
13216
13213
13242
13177
2679
7521
13211
13131
13124
13167
13164
13192
13221
13154
