13135
0
13136
13172
13223
13225
13216
13141
13236
13246
13154
13186
13233
13130
13158
13131
13177
13125
13238
13128
13229
3087
13221
13204
13207
8086
13206
13160
13124
13173
13191
13231
13134
13182
13208
13237
13129
13247
13183
8116
6572
9826
13148
13196
7521
13211
13245
13189
13255
13228
13142
2679
10718
13126
9846
9891
13202
13164
7511
13180
13170
13162
13153
13171
13194
13156
13265
13175
13127
13251
13167
2678
13151
13168
13215
13220
8143
13235
13201
13138
13137
13178
13139
13155
13213
13250
13150
8115
13147
10731
13248
13140
13242
13222
13132
13188
13169
