13131
4
13132
13164
13173
13228
13191
13216
13160
13148
13231
13247
13207
13138
13158
13233
13236
10718
9826
13162
13182
13149
13126
13153
13124
7511
13129
8086
13211
13183
13204
13154
13222
6572
13184
10731
7521
13213
13177
13163
13188
10734
9846
13141
13242
13127
13172
2678
13150
13178
2679
13155
13159
13175
13220
13237
13151
9891
13171
13489
13503
13508
13511
13474
13525
13512
1641
13501
7529
1651
13482
13515
8085
13492
13491
5272
13498
13477
13504
13483
13476
13516
13520
8149
13524
13497
10717
13478
13500
13488
13475
13495
13510
21439
21451
21428
21442
21444
21454
21475
21425
21441
21456
21472
21460
21440
21447
21453
21437
21450
21434
21467
21465
21427
21436
47216
47200
47194
47184
47188
47198
47221
47223
47202
47213
47212
47203
47210
47215
47229
47209
47193
47189
47228
47191
47187
47183
47196
47186
47231
2969
47201
