13160
0
7521
13247
13173
13158
13188
13168
7511
13222
13163
13140
13178
13206
13124
13250
9846
9891
13236
9826
2679
13204
13131
13171
13148
13251
13216
13153
13155
13231
13138
13136
13233
13177
13175
13151
13126
13182
13150
2678
13149
10731
13211
6572
10718
13162
13208
13207
13220
13127
13201
13156
10734
13132
13129
13191
13159
8086
13213
7529
10717
13501
13498
13500
13497
13488
8149
13520
13503
13515
13491
13483
13495
13487
13489
21474
21454
21451
21431
21480
21444
21425
21455
21456
18201
21442
