13176
0
13131
13194
9826
13149
13248
13186
13251
13129
13237
13148
13216
13268
13206
13164
8086
13141
13233
13197
13162
13136
13191
13220
13151
13138
13188
10734
13134
13124
13228
13139
13223
13247
13211
13126
13153
13154
13267
13163
13183
6572
13201
13174
13170
13265
13173
13132
13207
13142
13172
10718
13168
13160
13192
13204
13200
9891
13127
13185
13249
13171
8115
13184
8143
7511
13193
13198
13177
13222
7521
13135
13240
13242
13239
13182
13158
13128
8116
13150
2678
13241
13506
13494
13491
13544
13481
13530
13475
13501
8149
13512
8147
13489
13526
13507
13488
13519
13497
13500
10717
13508
8085
13525
