13179
0
13180
13136
13131
13174
13155
13237
13223
7511
13162
13160
10718
13191
13221
6572
13204
13159
13125
13250
13130
13151
2678
13225
13211
13153
13229
13164
13202
13148
13196
13129
13156
13231
13216
13222
13186
13141
7521
13135
13227
13163
13247
13126
13172
13184
13236
13265
13242
13170
13207
13124
13208
13175
13248
13147
13251
13171
13238
13138
13233
13168
13134
13213
13150
8116
13220
13189
9826
9891
13140
8143
9846
13177
13178
13132
13206
13235
13188
13127
13182
13167
13246
13169
13142
10734
13183
13149
13173
2679
13154
13158
8115
13137
10731
8086
13228
