13195
0
13196
13171
13207
13221
13194
13157
13167
9891
13255
13137
13164
13131
13173
13242
13246
13201
13141
13129
13188
13245
13134
13125
13233
13202
13158
13231
13151
13163
8116
13172
13160
13178
13148
9826
10731
13127
13238
13227
13220
8086
13265
7511
10734
13182
13225
13180
13136
13204
10718
13140
7521
13248
13130
13126
13216
2679
13128
13150
13142
13175
13222
13206
13147
8115
13156
13247
13237
13184
13251
13159
13191
13132
2678
13162
13250
13235
13155
13211
13149
13124
13154
13189
13203
13153
13208
13138
13177
13215
13213
13183
13168
9846
13170
13236
13186
13223
13228
