13225
1
13178
13206
9826
13180
13221
13131
13245
13164
13169
13125
13192
13129
13183
13148
7511
13138
2678
10734
13130
13133
13213
13202
13235
13150
13193
13208
13182
13229
13126
13144
13252
13173
13207
13160
13172
13248
13223
13155
13251
13128
13141
8086
13247
13165
13227
13127
9846
13236
13220
6572
13132
13151
13209
13238
8143
13162
13196
9891
13211
13231
13237
8115
13177
13242
13168
13194
13137
13153
13134
10731
13246
13142
13163
13124
13233
13154
13158
7521
13159
13204
13184
13147
13250
13171
13166
13136
13149
13222
