13283
3
13304
4658
216
4728
7830
12199
2689
14601
3087
3496
3568
809
701
1641
4729
5298
11637
2987
2900
12785
1606
20840
7783
802
17124
9633
20917
14760
20855
20852
18916
20834
20868
1764
20915
18889
17542
1767
5050
5049
3958
5673
3964
23957
43882
43902
6431
43905
42081
20467
43896
3983
47085
3907
10939
12792
47080
12665
5327
5322
5329
47233
43221
10372
1303
4008
59480
5294
9219
3957
24326
1187
6008
14220
3020
713
14206
38414
7665
60311
7712
3936
14210
10157
12921
60345
39869
60897
566
11672
5314
5273
19181
7404
3013
3999
524
32943
58192
40063
2906
12998
7958
10795
39179
3914
