13357
0
13358
13373
13344
13378
13354
13368
13356
13363
13349
13352
1336
13364
13369
13362
13350
13345
811
13361
795
2899
13346
13353
13351
13372
806
10734
13383
13374
13379
13367
13370
13377
4677
13360
824
13348
7423
13371
13355
17888
17892
17944
17906
17941
17885
767
17942
17907
17939
17934
17932
17898
17903
3588
17894
17904
774
17913
17930
17952
818
17887
17920
17895
17899
17891
6693
4935
18468
19721
19728
19731
19706
19710
19716
19713
19709
19718
19724
42311
713
7860
42329
19060
42308
42313
2969
42349
499
42298
28686
63760
63757
30448
63759
63761
8085
9824
51074
71706
71704
38831
