13369
0
13356
13377
13354
7953
13357
13378
13346
13368
13349
13344
795
13367
13360
13353
13374
13350
13364
13345
13348
13381
2908
13362
806
811
13347
504
13351
2291
7423
13370
3444
824
13375
13373
7658
13355
13358
13352
13371
1807
17909
17931
17916
17892
17952
774
17941
17903
17899
17920
17884
17932
17888
17891
17942
767
17948
17940
17907
17894
17913
17934
17914
17937
760
17939
17938
849
17898
17895
17906
17904
17901
18474
748
18468
19714
19709
19721
19717
19706
789
19713
19712
19710
19718
22175
42299
499
42303
42342
42319
773
847
42324
713
42306
42316
42295
38826
42308
42294
754
19004
38384
42301
8051
42314
42331
42334
42343
42346
42298
7414
42300
38820
42320
40475
42353
42322
42318
