13393
0
13394
12683
6884
4152
6886
13409
9377
4209
4163
9
84
4091
944
939
13402
66
4158
4171
894
12712
9381
952
161
4180
4103
13422
928
6933
4147
7622
12682
9378
7615
13453
13445
9790
13428
6929
13423
4142
4161
4146
9743
75
13435
9776
994
4183
129
7590
13426
13449
1303
13416
4188
4105
4164
9772
4108
13470
9753
12697
981
6902
13401
13455
13415
13441
932
13463
7568
4186
927
34
930
9810
13397
9775
13440
99
85
13413
9733
13396
13406
6940
12677
13430
13407
964
92
901
7613
4121
4169
162
13404
13390
13412
4150
941
13433
9739
9374
4118
4096
4126
13442
77
918
983
4157
6930
4249
4076
28
905
13395
4155
4102
6878
4119
25453
68
6898
2382
4148
4339
35985
4075
4195
6943
89
4206
12678
990
4173
4104
6915
7629
2598
69
4141
4334
948
9398
20119
32921
4212
5182
30475
16728
38193
137
40
898
17439
38190
7565
5792
