13397
0
161
6929
9381
4096
129
12697
9790
4121
75
901
4143
28
9753
4146
9739
930
12683
9380
6878
4081
13415
13433
13442
944
4091
9
13390
4180
6940
77
84
13396
6913
13441
4155
4147
99
4164
66
905
162
13440
6910
9733
983
13410
4142
4183
9810
4174
85
964
4158
4072
34
894
13449
13423
9377
9784
92
4209
13406
6945
4119
4171
952
7613
13425
13401
9776
9743
4186
4108
13399
4103
9772
7568
13393
932
12682
4076
4152
4249
6920
4157
4163
9374
12712
4161
12722
6902
981
13409
13426
12677
6884
4077
13395
4102
6917
927
4150
4177
91
4206
14183
9385
4141
89
4173
12728
14170
4145
9762
4088
6915
4175
14172
4
14179
6914
14189
4104
4210
933
11945
