13406
0
13407
12677
9772
9733
9739
129
13434
28
13427
4155
894
84
13425
92
4105
7590
1303
13423
918
13402
13401
927
6920
12712
13411
13433
4076
13420
13394
9753
4188
13426
939
13450
13428
6940
4164
99
941
34
85
13422
161
13403
7568
13392
4118
4158
4108
6917
77
13440
13429
75
13435
4103
13397
13395
13413
4074
983
4102
13393
13396
6904
6945
9
12676
930
6878
9374
6884
4150
12722
932
12682
4159
9385
32549
4215
16732
2382
8562
32590
32577
9799
32586
32540
4148
5327
9738
32598
4078
32600
22
12706
7599
32566
22001
9801
2598
32580
32569
17282
32560
32547
9749
32571
32556
32544
9792
20830
22427
