13408
0
4171
13396
949
904
20
4119
891
919
4152
4142
34
6886
937
13435
9
7590
13414
9776
4163
944
4096
1303
9757
13415
92
4164
939
6946
918
4249
901
4077
13417
13404
7613
4081
13390
4214
13465
13413
4156
13444
161
9404
9739
9810
6955
4074
6940
4158
9394
6917
162
85
9733
4150
13395
13399
28
6930
4186
4102
6878
4111
13434
4180
4103
6920
9374
9775
13439
13416
13447
4155
929
9380
906
13432
927
13442
4146
13397
4143
12683
13453
4174
9743
13411
13426
13424
4188
4217
84
6913
6924
928
13428
4147
13436
4169
952
905
4167
6929
6884
4161
4200
941
7615
981
930
156
6911
13398
13449
13440
99
889
13450
894
6904
4072
66
4108
12722
13425
9745
6933
7568
13421
13427
12697
75
4159
9389
4118
957
13400
6870
6902
9377
4182
4099
4126
959
13393
77
932
4076
983
4157
12682
13466
4121
9381
4127
13423
129
4209
13452
994
4183
6910
958
12677
13401
