13413
0
4146
13441
4152
6930
4103
4072
84
4150
9380
6924
928
6870
12676
4182
13397
4143
12697
4174
952
941
4147
930
13436
4167
13457
13393
77
13454
9389
6933
7615
927
13427
4105
13415
13411
9374
13426
13470
129
4076
894
957
161
4118
4119
99
4249
983
13439
13444
75
4159
13460
4096
4188
6886
13432
4214
964
9733
9377
4127
9776
13428
13394
904
932
4074
1303
9772
9739
4121
13408
4163
12682
9811
4183
6955
13404
4102
9
13409
13430
34
13389
6904
13407
4164
13401
13399
4142
6940
6946
937
917
13458
4155
4158
4126
13402
9757
6920
85
6910
13419
28
918
9743
13406
944
4217
9404
4186
13396
92
12677
13442
12722
4091
13450
12683
6884
4111
