13412
0
9377
4152
13435
927
13429
13450
4159
13456
4157
932
92
958
918
161
4119
99
4164
7568
9381
6902
901
4180
4111
983
957
6878
9
4186
12682
13420
13427
4099
13407
6920
4108
129
4182
6904
4155
4091
9784
13422
12712
85
4103
13444
9745
4161
9733
944
4163
906
952
66
84
12677
75
6884
4096
4147
6933
13396
4169
4249
6911
9389
13416
6940
13430
4174
9775
4150
13462
77
13434
939
4076
905
13442
13452
4072
13393
4143
9810
4233
13440
6946
4118
4183
4146
13395
13401
13433
13390
4214
4142
6881
7613
4081
12697
162
9743
12683
13463
13402
13415
4171
13397
894
156
6917
7622
13399
4121
9404
928
6913
4167
6929
6886
930
13471
34
13410
9776
13426
28
4077
1303
4165
25349
6914
4113
6939
29903
4173
4168
29934
4189
29920
4085
29890
12709
14190
4084
948
4104
4175
29886
29949
29881
6880
6891
4177
7579
29930
91
41
6903
5172
29931
987
4237
6912
12719
6943
6909
921
6915
29904
9758
29938
6923
6953
6948
6883
910
4092
6942
29994
4109
6873
17269
29967
6900
29962
4
30002
29973
12678
29996
29954
995
29979
29968
955
6898
29974
7597
29993
29985
4123
30009
