13411
0
20
4188
6955
6946
4119
889
13410
9377
13398
13389
4072
13395
4077
13418
99
12682
959
964
13461
4152
9757
13455
952
9790
13390
13394
13415
84
4161
13408
13419
9374
161
6945
4180
12684
4156
4121
4118
9381
6913
6904
13400
941
13462
13439
12722
4167
4174
9784
13428
13449
4091
4217
13447
6917
85
34
13416
4103
13436
9775
13450
13404
9378
4171
13426
12712
4150
4159
4214
9743
162
9394
4169
937
13402
1303
906
156
4147
939
12697
7568
4108
4182
918
9404
928
13442
6929
6878
13435
6920
6924
13427
13391
4076
28
1005
12676
927
13452
9389
4164
13431
904
917
9380
4163
13405
6930
6902
929
13432
949
12683
6881
4158
4200
932
9745
6870
981
4105
13414
6911
4099
919
957
4249
13423
930
6940
9733
13465
6933
983
13446
4143
4142
4111
77
4183
894
92
4155
905
4186
66
4157
9776
91
14167
9385
968
89
933
14187
4
4173
970
9762
14199
948
911
14186
14170
14171
4104
14179
991
14191
14177
14192
4202
6928
14201
14194
4206
6914
4204
14174
4177
6871
4141
6943
14185
14198
4175
12701
897
6899
4210
14196
29967
4109
29903
29996
6939
6898
4122
9799
30002
910
17269
4092
69
6891
79
898
921
12690
5792
20115
2318
4075
68
4195
3120
9794
32294
22001
32277
987
9735
32275
32272
6896
29852
12675
4160
