13425
0
4102
4156
13433
981
13465
85
13402
99
4171
13396
4105
930
4108
4186
12683
9739
7622
889
20
4076
6910
6955
4074
13439
12682
77
9784
4164
75
13406
7590
932
4143
9757
6917
9733
28
4103
4155
13408
4183
4150
162
4161
939
6930
6929
13390
4233
905
13407
4158
9377
156
12712
92
129
4127
6902
918
4121
9389
13397
13435
994
13449
9743
4147
13428
9374
13427
9776
941
894
161
4182
34
9
4091
13411
4111
957
4249
13440
13436
927
6884
4163
14189
14185
9762
6871
933
14201
6943
14194
4
14176
12728
14182
40
14191
6915
4204
14172
4202
91
6914
14175
991
970
4166
14183
897
14170
14177
4175
14174
14192
4173
29989
18287
32275
32291
29903
4075
12679
4122
32272
