13428
2
6878
4163
9776
9743
4074
4072
28
12684
13394
13441
6930
12682
4147
13449
13435
9739
12697
994
13425
12722
4169
4188
6904
918
9404
928
99
13402
13464
4158
932
6933
4096
4156
4108
13434
13391
4105
4249
6924
12676
84
6917
13422
4121
13421
162
4126
13432
13413
4102
13455
13406
13439
9374
13458
13393
7622
34
13469
4159
927
13401
13390
13407
77
13419
4157
4076
894
92
85
4180
75
9377
13400
13436
939
13398
13395
4155
13467
6929
9784
4118
13415
4217
161
13408
9389
13389
13433
6955
4152
9757
9
9378
13411
129
4182
13427
12683
6910
13440
13416
4150
4127
6913
12677
4186
7568
930
9745
6884
6940
4143
13397
12701
933
14172
6871
12728
14177
6915
14181
91
6943
89
897
14185
6914
4
14192
14194
9385
14184
4173
17245
4340
9628
68
4320
9627
12734
9636
17249
12706
4347
4292
9629
17241
17306
69
12713
4299
17282
12705
4343
17375
7579
12698
17357
12691
17273
17294
17303
17269
17349
16990
12690
17345
4313
17316
17255
17259
17335
17278
12699
17250
6477
3120
4336
17263
