13435
0
9784
13445
12677
13430
13401
9377
13433
7622
13421
9757
13429
28
9739
4180
6884
13395
4127
13397
4164
9394
92
9381
162
9775
4209
939
13425
4102
13412
9374
4103
13405
13389
13436
9
6945
6929
13440
9733
941
9772
13454
4155
4081
958
13406
4096
13410
4169
85
4249
4163
4126
4174
77
4150
6888
4161
13444
6886
13423
4158
12676
4091
9389
161
4156
6911
13393
6878
932
4146
952
4186
12697
4214
9743
13396
13439
4105
4233
894
12682
6917
84
7568
6920
99
6933
4108
129
13390
7613
9380
937
13428
13402
927
13449
34
4147
4121
6913
9404
4157
928
4143
6940
13426
4168
4173
948
69
4148
9792
9398
6898
35984
12678
4141
6891
89
68
