13503
16
13177
13124
13220
9826
1303
13487
13491
13131
13489
13191
7521
13162
13163
13127
10734
13216
12823
13160
13511
13149
13476
13474
13204
10718
13182
13237
13526
13510
5792
13492
13519
13178
13488
9891
8086
13512
13159
13228
9846
13520
13192
13508
13483
13475
13155
13524
13138
13153
13477
13188
13164
13478
13498
13173
13158
10731
13231
13494
21470
21460
21478
21480
21453
21462
7830
21445
21428
21458
18201
21479
21442
21431
3087
47223
47235
13171
2678
47193
47192
47210
47198
47201
47196
47231
13151
13199
57859
57913
13236
57862
