13506
0
13478
8149
13156
13496
13492
13516
13503
10718
13494
13162
13532
13177
13131
13488
13507
7511
13126
2544
1651
9846
13127
13515
7529
8116
13475
13520
13482
13204
13172
13498
13514
12823
8085
13155
13477
13173
13159
13525
13231
13242
13160
13233
13247
13508
13509
13487
13500
13163
10731
13491
13499
13178
13176
13158
13220
13265
13501
13476
9826
13138
9891
13153
13237
13182
13211
13502
13526
13164
13188
13504
13194
13216
13191
13149
13495
13490
13497
7521
13228
13140
8086
10717
13251
13489
10734
13548
13124
