13575
0
13576
13679
4703
13571
13636
4660
13584
13700
13663
4707
13593
13694
13683
13639
13661
13685
13578
13604
13616
4773
13588
13723
13677
13590
13653
4879
13670
4664
13695
13566
13597
4926
13666
13725
13598
13637
13655
4960
13629
13664
13676
13572
13627
13594
13600
13617
13580
3293
13686
13610
13581
4710
13577
12569
13674
4717
13567
430
4755
13660
10815
13668
13681
13570
13565
13569
13582
4775
13649
13591
13722
3525
6690
13609
13621
13603
13669
8396
13592
4753
13687
4655
13589
13583
13599
4656
13620
13688
4731
13586
13605
13595
4666
13568
13634
10341
13628
13633
49837
49835
49842
49844
49839
49838
22193
49841
49836
50287
50276
19905
50317
19914
50293
50278
19282
19357
50257
19889
19886
19885
50265
50275
50300
38238
7471
50286
38244
38267
50321
4702
50279
19887
50297
19917
19892
50259
19281
19355
50312
50315
30693
19326
4742
19883
50298
50290
38249
50288
30694
19376
50311
19895
6296
50295
19296
38252
49472
50256
50303
50258
50283
50306
19904
57507
57503
19898
57504
57528
39841
19345
57502
57546
19903
38246
19304
57526
37490
57543
57544
58401
58435
19884
58419
2246
58468
42580
4709
58450
58407
58404
58436
58409
