13572
0
13617
13573
13594
4656
13609
13589
13597
13629
13580
13677
13714
13568
13674
13647
13669
13599
13605
13577
13650
13582
13634
13579
13576
4755
13620
13685
13639
4753
13574
4710
13645
13566
13591
13688
13578
4926
4707
4655
13628
6690
13613
4879
10341
13565
13592
4666
13681
13581
13604
13660
13621
13700
4731
4664
4660
13627
13646
13672
430
10815
4773
13673
13600
13590
4703
13729
13586
13666
13584
13637
13588
13708
13676
13595
13632
4366
4742
19282
19356
6296
4400
4846
49424
49404
49394
49391
49396
49440
49392
49443
49416
49455
19376
49397
12306
24683
49442
33504
49409
49393
49430
49536
49418
49450
49415
49482
24792
19348
49427
49445
49452
49399
49395
49433
49419
49414
25010
49385
49449
49389
49454
12331
49410
49461
24673
49447
7471
58416
54136
4930
58424
45495
19895
7455
34758
4726
70106
5578
57092
19886
65361
65376
57503
18098
65391
39839
38246
19366
57526
19914
65365
50290
72390
72374
6687
50470
72377
72396
50297
72375
12323
72372
9955
57499
24738
16749
24674
