13583
0
13584
13627
13578
13590
13676
13582
13576
13641
13646
10815
4717
10341
13638
13595
4731
13666
13621
4660
13605
13597
13677
13568
4656
13647
13639
430
13708
4666
13650
13660
13577
4664
13684
13635
13587
13570
13586
13575
13619
4755
4710
13567
13687
13663
13598
4655
13592
13566
4773
4879
6690
6316
13604
13629
13617
4775
4707
65384
65361
65365
19355
65395
65394
65393
65348
65350
65373
38246
38248
32707
60767
19306
65353
65370
65406
19356
65358
57545
57526
18098
65391
6354
65367
65372
19304
50312
38249
