13595
0
13687
4707
10341
4655
13650
13628
13580
4753
13680
13659
4773
13639
6690
13674
4659
13622
13721
13684
13605
3293
13594
13612
3336
13590
13697
3525
3444
13577
13685
13707
13589
13572
13565
13711
13617
13567
13670
13618
13661
13640
13632
10815
4926
4731
13727
13626
4717
4666
13629
4703
13583
13638
13641
13593
13715
4710
13648
13704
4664
13578
13597
13636
430
13654
13656
13676
13570
13644
13603
4755
4885
6693
4440
13677
13598
13669
13664
13607
6316
13568
13569
4879
4903
13637
13581
13619
6318
13698
13666
13709
13609
13633
4660
13660
13688
13647
13621
13672
13646
13635
13588
13606
13705
13599
13575
13592
13678
13591
13655
18095
2027
4912
4844
18094
3469
4822
4846
18098
18117
787
2254
18090
18115
11275
4823
4383
4930
3490
4855
19901
19884
19889
4742
19883
19919
4366
19898
19886
2255
19887
19899
19915
19892
19882
19895
19905
19922
19264
27444
7471
19295
8464
3539
4709
33503
6244
19007
19335
9955
3549
4398
2124
9937
33504
19306
3471
6296
3466
9162
2246
38247
38265
38253
19356
19373
39602
19256
39818
19299
16777
2013
19305
4663
6246
39825
39800
19304
39839
39804
32657
49125
543
2009
18810
49133
4400
4377
2250
2074
3536
3468
49584
50288
50280
50259
50265
45359
50301
30669
30695
50300
50287
30693
49473
50303
50258
19253
45494
57514
57513
57499
57509
19332
17928
17885
24718
4935
49419
58429
17896
17921
36922
17918
58419
58441
58398
58435
58416
45495
65632
2324
19379
17930
58157
65629
3487
19329
71421
71424
65353
65412
6354
65373
72376
24673
25010
73183
73179
24674
19340
24695
73186
16749
49424
19298
