13599
4
13600
6693
13630
13591
4659
13666
4707
13598
13675
13656
13651
13700
13597
6690
13694
10815
13637
13596
13648
13588
12569
13606
3525
4703
13583
10341
13582
13664
4656
13629
13636
4710
13577
4664
13644
13633
13698
13612
4655
13650
13688
13729
13708
13570
13660
13711
13603
13638
13578
4660
13593
13668
430
6318
13567
13581
13717
13704
13679
13628
13641
13575
13619
13715
13618
13595
13571
4753
13610
13568
13605
713
13685
4885
13635
13573
4773
13587
13723
13565
3293
6316
13709
13639
13604
13590
13695
13677
13572
13566
13670
13586
1656
13625
13634
13592
13681
13686
13611
13669
13653
13621
13671
13617
4879
13687
13674
13580
13647
13584
4731
13627
3336
13609
13589
13645
13676
13696
13640
13574
13594
13721
4960
13626
13576
4717
4666
13663
4755
4926
4398
39602
16777
39828
19895
6296
19351
39839
20029
19304
39815
6246
19299
19355
39818
39830
39804
4369
3471
39820
18113
38250
4742
19376
58435
58437
58400
7471
3999
58439
19915
18457
58409
58427
58442
25701
17928
33504
58463
4709
3588
17896
45495
19883
58417
24718
58404
49419
834
30663
17885
18466
17918
58424
42580
58407
36922
24709
49499
73175
73179
73181
73180
73176
73184
49408
49391
73191
24674
73186
57528
73189
45516
50264
45528
18098
19322
49424
38238
50470
73173
49442
73188
57499
73178
30693
73194
73195
73190
19298
