13591
0
4731
13606
4749
13572
13597
13639
6690
13666
13705
4755
4753
4773
13590
13621
4717
13592
13603
13676
4903
13609
13593
13605
4440
13687
13604
13711
13648
13599
13566
13632
13672
6316
13571
13635
430
4710
13645
13685
4703
13594
13595
13578
4664
13574
13650
13589
13646
13660
13568
4739
13598
13582
10341
3525
4666
13577
4656
4926
13584
4879
13637
13576
4659
13633
4655
13629
10815
19887
19892
19264
2255
19901
19905
19934
19912
19889
4742
19890
4846
30693
49125
2009
6296
39818
7471
4930
19376
18457
50311
49419
58435
19355
2254
57499
9937
18098
16749
