13607
0
13578
13621
4664
13632
13577
13572
13645
4775
4960
13594
13589
13592
13650
13644
13582
13676
13617
13647
13609
13595
4739
4656
4731
13591
3293
13569
13603
4707
4710
13634
13648
13671
4755
4753
13619
13612
13700
13571
13687
4885
13568
4703
4926
13639
13586
13638
4666
13583
13567
4773
6318
13633
13635
13565
13599
13636
13605
13669
13708
4749
13600
13637
13590
13674
13660
13709
10341
10815
13566
3444
4879
13668
13629
13685
13663
13604
3525
13588
430
13618
13584
13611
4655
6690
13677
13597
13610
13627
13678
13688
13575
13570
13573
13628
13656
13598
13606
13574
13711
4660
13686
