13618
0
4739
4731
13580
13634
13570
4666
13612
13621
13650
13599
13708
13584
13711
13700
13643
4755
13666
4879
13685
3293
13566
13686
13568
13674
13676
13678
4717
4655
13595
4707
4703
13705
13571
13677
13656
13603
13645
13596
4926
13644
13577
10815
4710
13607
13660
13600
13586
13625
13594
13590
13609
6318
13619
13679
13581
6690
13578
13670
13572
13576
13617
13663
13582
3525
13588
13636
13629
13664
4656
13638
13639
13591
430
4660
13597
13605
4773
13569
4664
13611
4749
13671
8396
65623
18457
20009
19352
49176
19355
19895
19301
17896
2241
65613
19292
19264
19275
19279
3588
6244
65619
19904
50312
65621
50953
65637
2255
65612
65610
65609
19379
65658
58157
25687
19365
65611
3566
