13610
4
13611
13580
13621
13671
4879
13685
13586
13674
4656
13654
13645
13644
13589
13688
13676
13640
4960
13572
4717
4755
4666
13705
13669
4926
13660
13591
13700
13597
13613
13656
10815
6318
13609
13686
4664
13607
13704
13590
13695
13594
13575
13581
13588
13661
13683
13595
13596
13709
13664
13635
13636
4885
13632
13584
13667
4773
13620
6690
4710
13574
13566
13582
13708
13603
3525
13722
13634
13570
13617
13666
13633
13675
13587
3336
13578
13579
13627
13670
4703
4731
13687
13725
13679
13567
13637
13569
10341
13630
12569
13576
13641
13600
13568
13629
13571
4659
13605
4753
4707
13649
4655
13599
13651
13638
13655
13577
13694
13598
13668
430
13678
13573
13565
13677
13647
13604
13650
13681
4660
13628
13619
13583
13639
13592
