13620
0
10341
13663
1656
6247
13621
13670
13608
13633
13584
4664
13589
13575
13723
13573
13565
13588
13632
13574
13681
13612
13604
13568
4773
12569
4655
13639
10815
13683
13676
13677
13635
4656
4710
13657
4960
6690
13685
13600
4903
13628
430
4707
13664
13719
13576
4879
13605
4666
4659
35456
35439
2038
27568
4912
25673
2254
2241
4842
35428
4381
35478
4828
35522
30051
27883
2255
4422
35440
27876
30084
32211
35489
4374
35435
35468
4402
35430
35471
35484
35443
35448
35472
35482
35436
39572
3397
39571
4904
4855
39621
39608
39623
39593
39592
39607
39626
2333
27565
18841
39830
16777
39808
39823
3490
19895
19347
15164
19305
20017
19314
25691
20029
19268
2225
3478
38265
18783
2021
7642
4725
39799
33512
50390
45494
47165
50445
50427
4844
4377
50400
47148
50398
50395
50410
50418
50437
10763
61141
4680
7458
4671
61137
14153
61151
49925
56353
6663
14603
499
1619
2291
1841
4672
19971
7867
10785
26775
3296
2309
3401
2026
4403
4859
11873
1369
3433
3365
3463
2324
2353
47138
16768
