13634
0
13597
13628
13688
4707
13594
13588
13638
13674
4666
13568
13590
13676
4703
13669
13653
4660
10341
13591
13637
13650
13581
13619
13655
13621
13572
13578
13586
13575
13600
10815
13677
13666
13694
13584
4664
13582
13577
13685
13663
4773
4755
13635
4731
13604
13627
13576
13605
4879
19296
19298
19304
19264
19279
19295
19366
19308
19274
19327
19357
19282
19326
19355
56457
57175
57167
58424
19883
19895
39846
58435
58436
32707
65380
38246
38248
50317
65355
65381
65353
65376
57526
19898
65361
71428
71423
57503
38249
65377
39830
