13643
0
13628
13681
4710
13583
13604
13648
13674
13579
13644
13582
13676
13618
13660
13635
13580
4755
12569
3444
13577
4664
4879
13576
6316
13627
13645
13630
13647
13677
13718
13565
10815
6690
4773
13567
13649
4656
13581
13629
13650
13578
13574
13637
13588
13596
13572
13573
3293
13609
13670
4655
13632
13625
13590
10341
13595
4717
13584
4666
13619
13636
13568
13597
430
4440
13715
13661
13638
4707
13592
13700
13663
13570
4753
13603
13639
13566
13605
4703
13708
4731
13723
13654
13586
6296
9955
33477
4709
7974
58429
49419
58417
19895
38246
50298
19357
49472
19281
38248
37490
65389
65376
19355
19326
49453
65381
50317
57504
65346
60767
57526
49404
