13659
0
13640
13595
4717
13641
13656
13635
13684
13601
13700
13705
13692
13701
3293
13663
430
13636
13596
4879
6318
13716
4960
13674
13639
4731
3336
13697
13625
4655
13675
13709
4664
13612
3525
13715
13654
13569
13650
4707
10815
13671
19362
6246
19316
19256
19283
6244
19310
19253
19352
19346
19297
19340
19278
19379
18458
19347
19338
19353
19305
19309
19369
19267
19280
19365
19351
19258
19336
19260
19271
19277
19273
19317
19318
19290
19312
19349
19263
19378
19257
20009
27432
27436
25687
27431
27440
27435
27428
27444
58149
33512
58138
58186
58177
58165
4896
58173
45753
49176
20017
39806
45752
58157
45765
