13676
1
4440
4731
4703
13663
13598
13569
13589
13648
6247
6316
13566
3293
13668
4755
13584
13643
13633
13709
13708
13686
13583
13650
12569
13593
13607
13665
13644
13578
13599
13656
13655
13627
13637
13595
13640
13621
4717
13606
13580
13727
13634
6318
13687
13571
4664
13568
4655
13660
4710
13683
13638
13675
13654
13597
13636
13673
13604
4773
430
4659
13703
13697
13629
13688
4656
13572
13588
13718
13705
13674
4707
13581
13592
13669
13576
3525
4879
13594
13711
13570
13647
13635
13602
13590
13641
13582
13667
13646
13715
13694
13630
13680
13645
13603
713
13605
13586
13677
4666
10815
13619
10341
13626
19892
19903
19904
19279
19895
19887
16222
19885
19264
19917
19886
19889
19881
19282
679
3575
4658
7471
27428
20009
27444
19280
27439
19295
594
847
50285
50314
38267
6296
19326
50321
30693
50273
19355
50336
50294
50312
38238
50287
19296
19253
57520
38248
33504
57504
38247
57541
19304
57503
49419
58436
58442
58435
58408
36383
19330
17885
17896
7745
19373
4935
65612
2254
58157
39820
65632
19292
39602
2324
49176
3487
65368
19340
73186
73178
73188
73173
19298
18098
