13685
0
13686
13598
13669
13605
13700
13609
13582
4666
13590
13619
4903
4753
13584
13629
13594
13681
4664
4755
13620
4717
13572
13694
4707
13568
13604
13680
13595
4879
4731
19904
19898
4366
19357
19885
19919
19883
4742
19889
32707
19326
19356
38249
38248
38246
19355
49183
37490
50265
19281
50273
50303
50317
50257
50262
50259
19274
19304
57526
57503
57520
57504
65364
65353
65367
65378
65380
65398
65384
65370
65361
65395
65412
19260
65383
65354
65351
65362
65402
65366
65397
65389
65369
65411
65376
65348
65372
58424
65406
65357
65375
65414
65355
65349
65373
65350
65403
65377
65409
65381
65359
65399
65391
65365
65371
71423
71426
