13776
0
5201
665
707
690
13797
672
719
13796
13850
710
731
13820
723
1567
1548
646
664
695
714
12146
708
729
13833
11111
5195
13841
13785
13774
1519
8341
1574
654
13830
694
13789
355
1055
243
12174
13779
677
13815
7801
648
706
675
666
689
652
13847
724
14395
22901
17594
21938
10200
48455
45851
48437
48481
48464
651
705
48409
48422
48457
39471
48438
48456
48398
48421
48426
48414
5246
48404
48445
24823
48401
48397
23163
1469
48444
48465
7975
48462
48415
48435
48486
48412
48443
48472
31915
48490
1547
1906
48428
44334
3813
24862
32101
48480
48478
5244
5252
1470
5197
3810
48014
48413
48406
48452
48407
3815
5241
48402
1977
5217
1546
48500
48417
48418
31917
696
1856
1946
36283
14319
649
55289
687
55294
55288
2866
4658
55292
5200
1870
1501
3069
8005
3254
5243
1734
809
9524
64271
701
726
1958
26097
23903
1478
6719
1942
39466
12210
688
685
668
667
822
1459
1915
7257
725
5210
7965
12671
831
1912
733
