13773
0
662
646
5201
1454
12113
723
700
12640
665
12174
674
678
699
1500
1567
656
5227
1536
654
13822
1566
1502
243
13838
5235
716
1477
13818
13790
13814
652
698
1486
675
13799
3840
690
23146
31929
1938
23179
1927
32073
32071
1555
23197
1543
1870
32080
1465
1942
32081
741
2759
37355
718
2823
37369
1912
37366
37403
37409
37427
5241
37349
37394
37388
1501
1851
37384
1478
45859
5213
33696
60533
60534
60535
12109
670
60538
45800
1529
58518
60546
67804
67816
50209
67829
1920
50198
50195
67819
74338
12987
74341
12108
12994
