13797
0
661
679
355
9050
13775
12170
13790
1055
1115
8276
1052
12205
13786
13824
13785
711
2913
12185
662
1049
11111
724
714
8374
12174
659
7783
12158
8369
9037
712
1606
1046
314
653
228
660
19524
3066
10947
37017
37044
6381
37073
37031
6376
735
37057
37027
37036
37071
37037
11191
16684
37051
36997
6372
37019
36740
6405
6380
14085
37067
12215
37072
9013
29103
37038
12201
36998
6370
37046
37000
37008
732
37029
1090
10146
37040
37054
37074
37062
1053
37020
37045
37064
6397
30814
6391
11212
37053
30790
37049
6385
36994
6374
16694
37002
37016
36990
9434
37034
37039
36712
20932
1658
16679
20583
8401
36027
10369
37282
41835
216
9035
1102
44475
1063
43295
8180
44442
8264
12195
7792
10893
12199
12529
14643
29491
6008
44408
4584
12236
18301
28095
668
59663
10413
12242
1105
24326
12164
44316
59664
12171
12206
31176
59658
3880
12240
59672
28131
36480
1167
59670
6755
59677
7788
7280
1127
12222
59675
701
12184
59697
59657
59690
12197
6251
1739
4658
11654
59667
59653
7752
20836
12250
59665
59682
5822
59685
24113
1189
59694
1061
59687
22304
9883
59660
12786
1274
51968
35883
30847
13918
41871
7136
12890
713
10918
15032
62934
15748
16622
62897
12792
62919
1316
2899
15789
12162
66063
24331
66104
31256
66103
1064
66131
2977
60212
66119
3879
5309
21634
66044
48966
43119
66051
12153
61862
3983
66047
7969
66081
8335
16464
3989
3967
66062
66076
30119
