13792
4
13793
706
671
5235
13841
664
13818
5195
669
1509
13820
694
1536
678
13799
695
13823
1566
1486
13784
1515
715
1559
677
13773
10939
656
13855
723
13790
1574
1506
1606
13817
13830
650
689
700
731
13840
13779
13782
13804
1502
702
698
672
665
1917
13811
729
13806
13838
12113
675
13789
690
654
1519
5201
13778
674
646
652
243
649
718
23179
1501
686
696
34983
3440
58505
32073
687
58523
36277
1958
1570
1912
32245
1546
1507
1870
58510
1478
2760
1494
704
58524
58534
8397
3828
1453
32221
32082
32098
32100
44104
670
59883
36271
