13808
0
13786
8341
8369
12158
13775
13849
12174
653
714
1606
12205
12175
13824
1641
724
1052
13854
13815
679
12211
1046
659
13813
11111
661
9037
13851
8374
1115
1055
12146
13800
12170
13797
1049
12185
8276
2913
7783
9050
228
355
660
1113
23296
8335
8356
1064
787
8357
2688
61926
8385
8406
1121
61949
55994
61942
23215
13376
12154
59022
8333
9892
43037
51565
61961
8180
61979
61933
8337
23255
20489
8395
23232
61937
8331
9095
5844
8390
3975
8513
9035
61936
831
23926
9038
61947
43040
61970
61983
19461
8360
30686
1658
9022
21129
61950
23280
8386
8359
12786
8332
61934
61962
8383
61953
822
61941
1182
7257
1102
1653
63796
63810
12026
63825
63806
44232
63793
8444
63795
63805
