13867
0
13868
13910
13919
13937
13938
13944
13955
13891
13956
14020
13992
13931
10230
14045
13957
13888
13953
13896
13909
13861
14039
13950
13954
14000
13906
13965
13948
13899
14003
13924
14034
13903
14007
13901
13889
14005
13951
13862
13918
14004
13921
13907
13917
13876
10206
13974
13904
13989
13878
13877
13946
13962
13925
13981
13866
13863
13995
13933
13873
13961
13926
13874
13912
14022
13922
13991
13935
13881
13872
13943
14025
13970
14059
13966
13972
13914
9432
13895
13875
13884
13911
14006
13892
14051
13894
13913
13971
13923
14010
13980
13978
13902
13998
14042
13994
14060
13869
13927
13920
13952
13990
13939
14017
13967
13916
13959
14028
13908
13860
13882
13865
13941
13942
13929
13886
13947
13887
14049
13885
13870
13880
13963
13932
13973
13905
13958
13900
13864
13999
13945
13883
13930
13968
13893
13949
