13873
0
13874
14022
13924
13952
14005
13998
13860
13899
13868
13882
13945
14049
13863
13885
13894
14004
13922
13963
13965
13944
13875
13878
13891
13911
13876
13905
13920
13901
13906
13926
13997
13930
14010
13866
13917
13962
13970
13916
13865
14043
13958
13895
14006
13867
14048
13881
13877
13943
13927
13967
13929
13959
13889
13974
13990
13904
13957
13972
13931
13921
9432
13925
13884
13923
14019
14000
13946
14017
13886
10206
13978
13896
13888
13893
13971
13991
13968
13862
13892
13961
13880
13969
14025
13940
13950
13902
13912
13937
13939
13914
13941
13995
13864
13932
13907
