13888
0
13889
13969
13974
13866
13917
13862
13973
13931
13968
13918
13905
13972
13865
14050
13958
13895
13884
13868
13932
13990
13904
14035
13957
13937
13882
13885
13955
13867
13980
13936
13899
13901
13944
13930
13874
13876
13998
9432
13860
14003
13921
13951
13912
13977
13881
13939
13880
13982
13959
14058
13988
14000
13896
13942
13963
13941
13911
13927
14013
13875
13906
13981
13902
13879
13892
14012
13925
13962
13922
13985
13916
13943
13923
13914
14016
13950
13915
13983
13967
13994
13893
13978
13954
13910
14010
14002
14051
13861
13945
13949
13920
13898
13946
14004
10206
14006
