13880
0
13881
13954
13925
13878
13903
13867
13892
13860
14042
13865
13882
13872
13895
13963
13937
13875
13921
13948
13922
13885
13893
13970
13927
13969
13884
13992
13957
13932
13873
13887
13906
14006
14031
13886
14034
13973
13965
14007
13990
13917
13874
13928
13966
13952
13864
13945
13931
13967
13915
13935
14051
9432
13958
13933
14003
14028
13936
13939
13956
13946
13907
13866
13916
13883
13934
13974
13918
13905
13999
13888
13955
13896
13868
13941
14002
13959
13901
13899
13861
13968
13929
13949
13998
13962
13900
13876
13971
13947
13911
13902
14025
13910
13980
13863
13877
13995
13923
14017
13891
10206
14019
14000
13920
