13896
0
13970
13928
14005
14007
13918
14043
13889
13893
14001
14006
13887
13866
13874
13868
13881
13905
14000
13930
13914
13899
13901
13939
13925
13884
9432
13955
13891
14034
13883
13923
13862
13935
13878
13954
13870
13875
13965
13952
13946
13892
13967
13863
13860
13880
13903
13933
13920
13882
13910
13888
13931
13994
13949
14010
13950
13998
14003
13968
13904
13941
13906
13900
13974
13911
13929
13971
13902
13922
13917
13876
13885
13991
13992
14002
13867
13963
13945
13936
13909
13958
10206
14017
13864
13959
13865
13873
13956
13962
14020
13921
13980
13995
13948
13912
13932
