13904
1
13905
13860
10206
13916
13985
13998
13885
14049
13922
14011
13894
13926
13901
14008
13865
13875
13863
13915
13940
13994
13974
13932
14043
13963
13972
13911
14037
14004
13952
13958
13914
13869
13991
13867
13910
14010
13971
13962
14006
13882
13920
13927
14033
13925
13948
14032
13906
13935
13874
13978
13917
13929
13944
13876
13899
13953
13990
13968
13889
13881
13992
14051
14029
13980
14000
13886
13950
13921
13912
13967
13918
13878
13930
14020
13969
13956
13957
13873
13891
13941
13937
13893
9432
13959
14025
13954
13909
13896
13973
13862
13931
13866
13995
14007
13955
13868
13903
13923
13947
13908
13902
13892
13951
13946
13939
13945
14039
13864
13884
13888
