13903
0
13899
13934
13991
13885
13972
13932
13907
13969
13863
13896
13875
13942
13918
13939
13957
13892
14042
13952
13881
13979
13900
13876
13925
13931
13968
13911
14031
13955
14040
14034
13958
9432
13916
13973
14050
13895
13970
13965
13909
14013
13963
13889
13945
13977
14053
13868
13995
13971
13891
13923
13860
13967
13974
13921
13961
13946
14051
13943
14010
13929
13894
13954
13947
13883
10230
13878
14037
13912
13949
13873
13935
13906
14020
13940
14005
13877
13880
13887
13966
13871
13910
13867
14039
14002
13874
13928
13866
14000
13902
13915
13948
13872
13901
14022
13905
14032
13987
13941
13936
13884
13920
13962
13980
13999
13937
13865
14060
13924
13981
13862
13922
14007
13998
13861
13893
13956
13997
14028
13933
14025
13882
13888
13959
13992
14017
14006
13890
13917
13994
13927
14024
13930
10206
13864
13919
13989
14003
