13901
0
13902
9432
13921
13892
13958
13954
13912
13917
13910
13867
13861
14057
13911
13939
14006
14007
13992
13987
13887
13875
13937
13924
13963
13953
13932
13943
13962
13885
13873
13923
13945
13990
13965
13905
13959
14003
13940
13903
13860
13891
13907
13989
13870
13866
13874
13894
14005
13909
13878
13900
13925
13922
13967
14028
13920
13881
13896
13980
13969
13950
14051
13998
14024
13974
13869
14036
13946
13889
13961
13914
13930
13935
13949
13893
13864
14000
14015
14017
10206
14010
13895
13994
13906
13863
13973
14034
13979
13957
14020
13890
13968
14025
13956
13884
14002
13931
13883
13941
13955
13872
13948
13899
13868
14048
13929
13952
13918
13928
13991
14043
13927
14012
14022
14053
13919
13915
13880
15905
15941
15901
