13921
0
13922
13884
13876
13892
14025
13971
13923
13902
14005
13972
13866
13894
13873
13880
14011
13952
13963
13888
13905
13958
13863
13867
13916
13959
13908
13998
14029
13882
13897
13994
14003
13868
14008
13953
13937
14049
13985
13911
14047
13929
13865
13989
14021
14037
13891
13948
13945
13885
13915
13883
13930
14001
13962
13893
13957
14004
13951
14031
13938
13944
13991
14028
13860
10230
13941
13881
13861
13950
13955
13889
13968
13918
13903
13925
14039
13932
13954
9432
13999
14007
13912
14043
13917
13935
13947
13878
13886
13969
13910
13914
13992
13920
13862
13976
13956
14020
13946
13931
13927
13896
10206
13869
14017
14006
14000
13874
13904
13899
14010
13901
13936
13967
13974
13970
13995
13966
13990
13926
13939
13900
13875
