13939
0
13940
14009
13981
13970
13945
13887
13878
13917
13997
13958
13893
14020
14051
13904
13911
14022
13967
13860
14015
13886
13892
13909
13930
13946
13875
13922
13965
13912
14000
13889
13895
14005
13880
13938
14004
13998
13973
13881
13999
13871
13872
14032
13902
13959
13910
10206
14017
13915
13971
13907
13903
14042
13868
13957
13914
13969
13927
13899
14039
13992
13862
14028
13937
13873
13942
13929
14007
13941
13921
13876
13869
13867
13908
13989
13990
13924
13932
13974
13944
14049
13962
14012
14011
13866
13947
13994
10230
9432
13956
13865
13950
13995
13874
13885
13863
13864
13968
13949
13894
13928
13963
13935
13884
13961
13891
13916
13888
13931
13918
13905
13906
13991
13896
13926
13954
13955
14010
13901
13980
14056
13943
13951
13978
13919
13972
13952
13890
13861
13925
13920
13923
14006
13948
14003
15944
15901
15941
15940
15905
