13930
0
13931
13972
13913
13940
13975
13956
14038
13893
13923
14028
13994
13902
13927
13905
14020
14031
13989
13884
13897
13867
13891
13958
13947
13959
13966
13866
13945
14004
13920
13882
13992
13860
13892
13980
13948
13933
13990
13985
13935
13894
13982
13952
13936
13929
13877
13942
14016
13895
13875
13922
14010
14053
13914
14005
14051
14006
13938
13911
13967
13974
13912
13978
14017
13998
13962
13946
13968
13969
13881
13939
14060
13862
14007
13876
14029
13983
13921
13886
13954
13899
14039
13904
13874
13917
13873
14003
13903
10206
13868
14044
13943
14023
14014
14030
13888
14034
13863
13915
10230
13932
13963
13889
13901
14012
13910
14008
13865
13944
13885
9432
14043
13918
14011
13973
13861
13864
14061
13900
13977
13955
13941
