13958
6
13959
13902
13861
14010
13955
13882
13912
13873
13967
13920
13969
13916
13892
13989
14007
13868
13881
13945
13978
13865
13932
14039
13939
13926
13870
13930
13923
14025
13990
13908
14030
13883
13972
13897
14020
13917
13981
13931
14006
13894
13889
13937
13896
13929
13915
13867
13927
13904
13886
14011
13962
13903
13905
14049
13994
10230
13914
13888
13906
14005
13968
14043
13944
13911
13862
14037
13995
13900
13880
13925
13941
13938
13885
13875
13901
13951
13922
14000
14028
13971
14014
13952
14050
13998
13884
13963
13921
13974
13860
13893
