13962
0
13981
13970
13920
13906
13896
13917
13997
13954
13893
13937
13881
13886
13909
14059
13887
13912
13875
13952
13903
13889
13862
14051
13939
13967
13861
13929
13959
13927
13921
13892
13878
13990
13957
13998
13958
13860
13895
13916
13950
13922
13965
13882
10206
14017
14000
13863
14005
13949
14004
13963
13944
13973
13866
13910
13902
13911
13905
13918
13865
14010
13980
13999
13883
14048
14028
13873
13924
13941
14006
13874
13867
13930
13928
13933
13945
13974
13925
13884
13956
13923
13899
13948
13885
13901
13968
13946
13932
13907
13976
15905
15901
