13965
4
13884
13902
13917
13962
14019
13997
13878
13923
13887
13886
14000
13907
13896
13874
13973
13943
13961
13948
13914
13909
13919
13950
13980
13957
13921
13967
13893
13882
13972
13940
13933
13932
13892
13875
13866
13889
14007
13861
14031
13928
13952
13903
13910
13865
13922
14022
13968
14025
13999
13880
14049
13883
13872
13863
13947
13949
13954
13885
13930
13862
13924
13890
13860
13916
13906
13939
13867
10230
14048
13901
13864
13881
13998
13946
13959
14018
14005
13891
13934
13888
14028
13974
13912
14010
13929
14032
13956
13873
13899
13970
13897
14017
13894
13876
13935
13937
13945
13895
