13973
1
13974
13912
13920
14017
13941
10230
13971
13963
13953
13878
13962
13945
13861
13899
13874
13891
13910
13916
13955
13929
10206
13939
13956
13923
13882
13936
14003
14007
13959
13999
13875
13917
13950
14006
13957
13884
9432
13877
13868
13894
13930
13883
13909
13892
13942
13901
13911
13940
13867
13895
13958
13997
13906
13933
13937
13918
13981
13880
13935
13975
13998
13946
13968
14042
13864
14005
13863
13904
13860
13889
13865
13954
13949
13922
13947
13900
13952
13994
13992
13866
13932
13903
13924
13907
13885
13948
13921
13919
13980
13893
13888
13873
13970
14012
13967
14028
14032
14010
13902
13931
