13990
0
13955
13868
14017
13902
14004
14038
13891
13861
13936
13995
14006
10230
13959
13862
13870
13882
14025
13968
13962
13903
13885
13941
13917
13951
13930
13923
13888
13958
13915
13926
13945
13881
13925
13876
10206
13992
13866
13944
14023
13970
13899
13978
13875
13887
13874
13880
13914
13877
13991
13938
13912
13901
13952
9432
13932
13981
13886
13950
13896
13937
13927
13956
14018
14028
13918
13972
14020
13946
13884
14007
13893
13906
13905
13920
13931
14050
13904
13860
13878
13892
14021
13921
13939
13929
13865
13969
14005
13980
13957
13998
13999
13967
13994
14049
13989
13922
13916
13985
14011
13889
13963
13911
13867
14003
14037
13863
14010
14000
13974
13873
13954
13894
14069
13971
