1402
0
1373
1408
1415
1430
16433
16435
16443
3433
16449
16416
7858
16421
16444
7861
16427
16447
3421
16470
16455
16419
16445
16417
7851
24223
24206
24212
24221
2121
17464
15829
532
2174
17429
26586
3388
26582
7834
17847
26604
26602
17483
15835
17410
26581
17424
26595
26594
26589
26579
3389
3363
26587
17379
7859
17870
27407
27414
17418
7848
3405
17479
8864
27814
469
27821
17442
27868
27887
27797
27853
17435
25648
27843
27877
27863
27791
27819
27855
27854
2033
27809
4420
27793
27786
5585
17452
29593
29579
29612
29633
29576
29577
29648
29590
7881
2110
29586
29609
29582
29601
29599
29628
17390
29584
26358
51099
7853
59623
59641
20226
66948
47208
67001
