14096
0
14097
14104
14134
14079
12425
14076
14101
14126
14093
14089
14095
14123
14114
14136
2945
14118
12306
14099
14078
14075
14110
6060
14087
12970
7507
14107
14144
14103
14128
7407
14092
14117
5762
14090
14143
14119
4836
4900
5644
14624
5603
18797
11288
4892
25255
25218
876
4845
15923
485
5610
4859
1181
12514
2322
25201
7416
12989
15884
11282
5623
5580
12973
2321
25210
15892
5630
15929
15907
2324
2008
5576
5602
4687
5608
5589
6302
25225
56269
26122
53229
56250
56241
27384
56288
56280
56236
856
33430
