14178
0
4171
4143
932
4146
40
4159
4
13436
6933
162
939
129
6914
4147
4202
13432
897
84
968
981
75
905
957
13428
9381
14177
4119
13419
994
6929
14172
9786
933
91
4102
14185
4182
13397
9377
4091
4103
4121
89
4185
4177
983
161
941
4173
929
952
6917
4166
4157
894
14174
918
927
14192
9385
6924
9380
14170
12722
4156
4108
66
4158
4072
9
6878
9757
4217
9743
13390
4210
99
4169
14168
92
14201
9733
6955
4249
4076
4126
20
4096
77
4155
14199
4145
6943
889
12677
156
4161
13425
6902
4150
12701
85
14191
6915
4164
4163
