14189
0
91
4146
9381
4249
84
4121
6886
14183
20
4157
4163
4072
927
9762
14185
4103
918
9380
4177
4102
13425
4166
12677
4119
6915
905
4173
4147
933
4091
4158
4210
4200
4150
9745
4206
12722
4152
14172
28
9377
9743
4185
6888
157
40
85
4161
77
959
13397
99
7613
92
162
6933
4081
14181
4155
952
6917
4076
4141
14195
897
4171
6914
4
4088
161
944
4164
4169
4175
4145
4142
9733
4077
4096
12675
32275
34
32284
7568
4160
13462
13416
32278
32290
4122
4186
29989
29852
6884
6913
32293
22001
4183
4069
13426
6898
6921
79
928
9753
9735
