14182
0
13425
7622
948
6911
4155
85
9743
941
14172
4081
4164
939
13397
156
6929
9385
14191
161
4161
4103
14185
957
4091
952
4142
968
4141
6871
77
6886
13390
4143
157
894
75
9775
4126
4169
14183
9381
4
983
944
4072
4171
4182
897
9733
4108
9757
4159
4096
6914
4121
89
901
91
4177
4076
84
7613
6915
932
9377
4157
4156
9380
99
4119
4249
4167
4163
6943
28
13436
4146
12677
905
12728
929
4158
6924
4152
4206
13432
4088
6878
14189
4173
927
4147
933
4202
9
14177
4217
4185
13428
14174
6888
994
92
918
129
991
6917
