14192
6
14174
939
4088
14191
12722
944
84
9793
14194
14171
4158
4156
919
40
4150
14170
13436
4147
6914
156
13397
14186
991
918
4171
4108
4173
14183
941
13446
4152
20
13390
9743
14182
13404
13414
6911
4159
4185
28
4161
4142
4163
6893
4104
6917
4072
6933
4167
6888
4210
6886
9380
4145
970
13428
4077
4182
889
933
12677
6915
66
9733
14177
12728
9377
4143
6955
77
6943
927
7613
952
162
4155
929
9381
4076
4249
4169
99
9775
957
983
6902
14199
4091
948
6899
13411
4177
13425
161
937
4202
89
905
968
4119
6871
6878
4102
4121
4081
14172
4166
4157
981
4217
4206
4096
6929
91
14178
6924
4141
897
4103
4175
85
75
13432
92
894
9757
14189
14185
4164
