14253
0
14254
14267
14249
14316
14350
14304
14282
11587
14286
14325
14290
14297
14298
14261
14339
14326
14312
14324
14318
14344
14285
14271
14306
14313
14302
14308
14293
14322
14281
14262
14275
14287
14276
727
8708
14319
14328
14299
286
730
14283
14331
14338
14342
14272
14295
14256
14259
14264
14263
14252
14292
14277
14355
14336
14317
14346
14353
14266
14270
14301
14269
14300
14294
8455
14360
14255
14279
14356
14352
14260
14315
14332
14309
14334
14333
14305
14335
14284
14257
14288
14265
14278
14296
670
14280
14314
14273
14323
14251
14330
7969
243
1471
32234
32239
32228
327
