14271
0
12642
14329
14339
8708
14306
14293
14347
14296
286
14319
14251
14280
14334
8455
14285
14303
14272
14308
14256
14254
14250
14340
14352
14300
14323
11587
14318
14342
14314
14266
228
14292
14284
14295
14252
14315
14257
14263
14316
14353
670
14265
14278
14338
14287
14279
14269
14333
14309
14299
14298
14288
14301
14331
14344
14286
14282
14305
14325
14335
738
14261
14258
730
14273
14260
14324
14275
14264
17996
17983
16670
17974
18002
17989
18051
18001
18025
5442
17986
17981
17980
17973
17994
327
11025
49076
49078
49077
49051
49079
67223
1887
12637
7093
67165
283
67203
12662
