14284
0
14250
14262
14320
14283
14324
14300
737
14322
14253
14316
14306
14269
14270
243
14331
14321
14356
14292
14286
14261
14308
14285
14299
14279
14263
12642
14298
14315
670
14266
14265
14317
14295
14289
14309
14257
14296
14312
14340
693
14326
14358
14357
14268
14338
14334
286
14282
14346
14304
738
673
14319
14305
14278
14287
14323
14318
730
14275
14353
14267
14252
14290
676
14260
14249
14281
14254
11587
14333
14325
14335
14276
228
14314
8455
669
14277
14271
14303
14301
14310
14258
14297
14330
14274
727
14329
8708
14354
14347
14342
14302
14256
14255
14264
14259
14251
14344
14280
14352
17973
17974
18010
18032
18014
18002
17980
17998
18017
17978
18021
18031
18052
17988
17993
17976
18051
17992
17972
18070
18024
17997
17981
18046
690
17983
17994
18005
18055
18020
17971
17975
17986
17989
18006
17990
18056
17970
18027
374
32226
675
677
32242
729
31911
696
708
665
327
32236
13785
654
32244
672
5243
5195
32234
35770
35765
35767
35756
35752
1887
39051
8761
38994
1501
12641
702
647
721
3898
649
34270
5200
49069
49085
216
49076
49051
49078
13830
5244
687
229
13776
682
213
55295
48071
67169
67158
11599
67221
67199
67165
67184
67222
67154
67173
67203
67168
67206
11171
67181
67219
67172
67225
67237
67208
39648
67211
67191
67190
67196
67180
67205
67183
67232
67215
67224
67163
67153
67185
67167
67177
67171
67213
67176
67182
67228
12662
29237
67230
67157
67197
67178
67179
67194
67212
67189
67226
67192
67195
284
23150
67204
67186
67187
67170
67217
67234
67166
67202
67161
67164
67220
67175
67162
