14296
0
14254
14298
14287
14271
12642
14334
14313
14251
14256
14266
14303
14284
14339
14342
670
8708
14255
14297
228
14252
243
14292
14301
14326
14262
14338
14317
738
14304
14250
14325
14314
14291
737
673
14249
14309
14285
14332
652
14265
14315
251
14331
14259
14281
286
14289
14261
14345
11587
8455
14352
14277
669
14310
14344
14319
14257
14316
14346
14258
14336
14305
727
14321
14306
14286
14333
14260
14295
14328
14312
14270
14337
14279
14340
14322
14300
14280
14323
14324
14283
14278
14353
14329
14299
14274
730
14318
14263
14267
14290
14264
14269
14253
676
693
14272
14354
14302
14347
14275
14276
14356
14293
14268
14308
14282
14335
1992
32224
32217
5195
708
675
32241
31929
32234
706
23197
710
696
672
327
654
729
1519
32244
32222
705
674
655
671
677
1996
1479
31911
4061
1471
698
715
313
1917
13785
32093
665
32098
216
3087
17972
5442
3080
49081
49069
49076
11025
49078
697
5235
213
229
13821
31928
703
1548
13830
687
36293
1870
32077
5200
1515
31910
31930
67185
29237
67177
67154
12662
67164
67168
67162
67161
1887
67178
67173
67163
67165
67171
67223
283
67193
67189
67225
67169
67194
67170
67228
67174
11171
67181
