14297
0
14288
14286
14264
14350
14271
14299
14265
14340
14325
14294
11587
14332
14250
14313
14361
14349
14279
14316
7969
738
670
14283
14301
730
14249
14308
14252
228
14324
14277
14266
14335
14293
14328
14253
14272
14256
14337
14260
14263
14333
14356
14274
14282
14339
14317
14251
14262
14276
14284
14255
14334
14287
14342
14323
14296
14353
286
14318
14285
14331
14347
14309
14258
14273
14300
14326
14270
14314
14319
14269
14275
14315
14280
14352
14322
14292
14338
14278
14336
17994
17990
17971
17983
18014
18051
18006
17989
17973
18055
17997
17978
17998
5442
17996
18035
1471
32220
28715
32240
327
32241
32228
32239
32244
224
313
230
306
361
234
267
212
202
217
9524
245
357
11491
49076
49068
37046
35117
11025
216
49079
49062
49069
49081
3087
49078
49056
67164
7093
12662
67209
67221
283
67227
67203
67165
67216
67177
