14312
0
14319
14259
12642
14294
14345
228
14321
673
730
14347
14284
693
14315
14337
14260
14282
14320
669
727
14252
14357
14308
35771
35755
327
35760
35753
35758
35775
35769
35757
35761
35766
35754
35752
35759
35765
35770
35756
35776
57377
12910
57345
57349
57381
57360
682
234
57339
57366
36293
57372
57374
42228
57371
57348
39651
265
57342
57355
57356
67165
67187
67162
67203
11025
284
67202
5435
67192
67177
67178
67230
67198
67156
67159
67174
67180
1887
67185
67189
67173
39648
15103
67181
67153
67199
67172
67228
67226
11209
67179
67186
67170
67220
67154
67163
48071
67229
67161
67157
67182
67169
3966
67194
67193
67211
12637
4008
68546
51741
68553
43111
7966
68481
