14316
0
14280
14278
14308
14275
14318
14352
14353
14271
14274
14296
14286
8455
14253
14329
669
14282
14264
14258
14356
14250
14263
14298
14323
14252
14314
14292
8708
14284
14300
14347
14265
14255
14288
14261
14319
14334
14309
14285
14276
14328
14337
14260
14324
14287
14262
14339
14340
738
14270
14325
14251
14272
14326
14266
14295
14249
14297
14301
14277
14273
14269
14279
14333
14344
670
14256
14332
14338
14322
327
32217
32233
13785
705
35775
35756
35758
17972
11025
3087
49078
49069
49051
49076
49062
67216
283
67209
67165
67203
23150
