14467
0
14432
14472
14362
14397
14404
14380
14367
14486
14363
14448
5275
14417
14434
14399
14458
4483
216
701
14374
14370
14378
14365
14422
14457
14371
14390
13518
14421
39060
39041
3898
47410
47451
12814
47387
47399
16461
47418
47392
47429
47525
47464
47496
47389
39023
47416
47442
47523
38886
47505
39003
47443
47360
47366
39044
47472
47510
47363
47383
47400
37846
47549
47493
47520
47466
12793
47458
47408
39013
38992
39005
47463
47447
39025
1651
47359
47500
47426
38998
20255
47445
29125
47479
47441
47511
47431
47375
47452
47459
47380
37858
