146
0
80
101
92
24
34
46
50
69
109
148
31
77
139
132
133
75
30
131
79
41
137
78
85
140
5
125
155
9
168
128
68
158
21
104
38
13
12
51
1
99
20141
20117
20110
20116
7567
20138
20132
20092
20143
20111
20090
20131
7583
20152
20109
20126
20959
20967
20965
20947
20994
20964
906
20979
5182
21001
20993
20944
20955
20943
47334
45015
4198
6935
34545
16728
4154
6944
11956
7599
4196
7587
12742
18521
12361
12354
35223
11935
18524
47582
30501
55222
11938
55208
32461
7591
27535
898
894
9636
9629
25113
55504
55491
55492
11939
60829
60830
46929
60860
67125
39251
5792
2598
70004
960
16967
2248
9634
9635
3874
66603
32035
3120
70033
