14672
0
14638
14585
14577
2903
4049
7668
7678
2324
27922
19983
20052
7244
19951
7669
27951
27958
27953
27966
27916
7964
26003
24175
27915
5762
7245
7671
24167
24168
8110
27928
7647
6294
29533
29523
24149
26068
15885
29527
29552
2975
24154
24417
26152
29518
803
6606
29519
26020
24178
7660
29522
7658
9212
52823
6020
52835
24197
52805
713
52798
52825
26137
37135
7650
62558
62572
54720
30203
62582
62576
33430
7221
20933
6688
62569
30118
62571
33001
24190
62570
30182
24150
37127
62604
24410
30121
62649
6300
62574
12079
62602
24189
18657
8019
62578
26035
62605
50482
24170
62565
31948
62561
36252
30159
62583
