1469
0
1470
1484
1540
700
695
646
690
1555
674
1478
243
1450
1451
1474
1552
1516
1556
699
1449
1468
1487
1464
694
1493
1573
1488
678
1525
1520
1533
1496
1475
1489
1461
717
1460
1466
1453
1543
656
1548
1503
1531
1508
1483
1477
1521
1536
1565
1472
1491
1482
1457
1473
1526
1499
1559
1462
733
1519
1535
728
1507
1546
1490
1544
1566
1547
1476
1471
1512
1495
1574
1509
672
1576
1564
1500
1467
1522
1459
1463
718
1501
708
670
1567
1505
1539
1455
1560
705
1554
1549
1553
1454
5196
1917
677
5206
5233
5195
5260
5263
5210
651
5261
5214
3815
5201
671
5220
5236
5235
5243
5227
5208
5232
1870
683
658
5205
5222
5229
5237
5221
722
664
5213
5218
706
716
5216
3811
5223
5217
5203
5241
5245
649
5248
48448
48422
48412
31913
48478
13781
48472
710
3813
48505
31917
3810
48465
31911
48467
48481
1906
48432
48411
24862
666
48462
48397
48418
48445
48437
48433
1977
3828
45851
48439
48470
3825
48428
48438
