1470
0
1478
1505
1503
1482
1567
728
699
1522
1463
1574
672
1493
1565
1488
698
705
1533
1546
1475
718
700
1519
1501
1552
1515
1456
1545
1471
715
1495
1514
1530
731
654
733
243
1489
1469
1479
1510
1553
717
1459
656
690
1549
1461
708
1554
1468
702
1576
695
1506
646
1548
1451
1564
1492
1516
1535
678
1547
1453
1473
652
670
665
1491
720
677
48412
48428
13776
48458
48493
48496
48508
48491
648
48424
48460
5246
48405
43101
48450
48399
48457
23163
48518
48408
48402
703
48406
13793
5206
13817
48481
48422
5195
44334
727
710
31911
5213
651
48418
48415
13780
48440
13821
48485
13785
5241
48490
31915
48506
37816
48401
48397
23142
48474
13781
48417
32101
48407
48477
48505
5197
5217
24862
48507
48423
5235
48499
48472
5244
729
48462
48433
31917
3810
48420
13782
48421
48524
13811
24823
3813
48435
3828
31913
5252
719
48480
48467
1906
48400
655
722
696
1977
13847
48439
48497
48442
666
48500
5227
5224
48486
48473
37353
48426
13833
48398
45851
48411
5201
48495
48416
48396
39471
45786
31934
48403
48404
48463
48498
48432
48448
12657
45850
3815
