148
0
91
40
92
66
13
103
99
36
173
1
78
143
133
105
10
88
136
33
18
61
158
137
155
32
161
29
106
0
94
132
156
102
139
84
34
5
35
77
38
15
45
108
119
168
28
37
56
134
63
62
19
52
140
86
7
101
135
39
12
85
26
21
76
4
24
42
64
87
113
6
17
97
79
117
90
96
69
146
111
112
7568
32401
7563
32484
32456
30476
29857
20130
32449
32406
32412
32427
7573
5160
7606
18485
32424
7565
34380
35162
11975
35204
35206
35193
3120
18545
11956
35280
35194
4196
16728
35217
5028
21996
35168
7583
35265
20115
1003
20081
7576
12675
71282
