14877
0
14930
14931
14951
14940
14889
14915
14905
14899
14960
14968
14948
14939
14926
14964
14913
14943
14976
14908
14928
14919
14896
14967
14887
14937
14942
14957
14925
14883
14946
14873
14965
14934
14936
14952
14980
14947
14898
14924
14961
14879
14927
14983
14914
14954
14916
14893
14938
14971
14920
14894
14875
14884
14974
14963
14871
14882
14909
14876
14904
14902
14966
14888
14872
14900
14892
14975
14917
14933
14921
14932
14891
14969
14912
14918
14945
14886
14903
14890
14897
14911
14895
14907
14944
14956
14880
14922
2713
14910
14881
14941
14977
14906
14958
14973
14878
14953
64635
64642
64651
64672
64636
64691
21017
64648
64698
22293
64661
64666
64701
64643
64711
64656
64664
64658
2829
64644
22286
64690
2872
64663
64649
64675
64662
64639
64699
64702
64686
64630
64693
64637
64673
64674
64655
64684
64633
64683
4063
64706
64713
