14894
11
14895
14903
14891
14896
14954
14917
14876
2713
14887
14902
14950
14965
14945
14925
14956
14872
14953
14901
14909
14910
14938
14878
14933
14889
14913
14877
14947
14928
14919
14927
14937
14922
14951
14952
14941
14955
14966
14882
14963
14911
14875
14885
14942
14874
14931
14969
14873
14977
14961
14879
14959
14924
14880
14930
14957
14915
14943
14918
14960
14886
14898
14932
14939
14968
14982
14974
14893
14973
14970
14976
14944
14900
14920
14899
14967
14912
14949
14907
14914
14904
14890
22269
22293
22263
22367
22286
