14896
0
14897
14933
14939
14968
2713
14883
14967
14976
14913
14952
14882
14909
14886
14937
14977
14974
14898
14926
14948
14936
14918
14889
14903
14935
14907
14885
14931
14970
14947
14958
14875
14917
14953
14916
14928
14942
14872
14941
14878
14971
14927
14960
14959
14922
14980
14912
14877
14921
14963
14925
14893
14919
14944
14956
14902
14873
14966
14943
14964
14904
14969
14920
14930
14965
14892
14905
14940
14911
14949
14894
14924
14876
14880
14914
14908
14961
14887
14950
14910
14900
14932
14957
14874
14890
14945
14954
14915
14899
14934
14895
14906
14881
14879
14891
