149
0
76
68
41
44
24
60
31
56
51
123
79
137
53
36
96
125
101
64
1
69
3
110
52
163
4
66
86
71
111
145
74
48
106
12
17
140
39
87
20
18
63
102
135
57
94
59
25
19
30
9
28
29
115
168
15
2
85
7
80
144
5
92
148
10
160
157
77
107
34
142
84
70
156
0
128
61
164
108
37
46
43
27
81
16
45
26
97
100
33
127
90
75
173
136
143
99
78
6
91
8
105
38
62
113
13
7573
20122
20097
7565
20090
938
20087
20096
955
7583
20100
20102
20127
20085
20149
20134
20082
7593
11975
7576
1003
20124
11970
20099
11952
20105
20125
11942
20145
7561
7562
20109
7577
20130
20104
11958
60834
60846
60878
60865
5170
2247
30481
34726
32461
60829
931
7603
906
18485
959
4108
55248
55209
46929
32439
46904
30501
46927
55208
55496
898
7564
7586
4213
61604
61570
27535
61547
61556
7606
46925
32413
61561
31455
31422
5792
31418
930
4212
52072
25113
3120
61566
34401
61542
61554
61546
6928
25146
46918
46913
11982
67141
67128
25157
67111
67130
67117
4334
32403
66696
39700
4196
72968
7597
30475
7563
46896
