14914
0
14921
14928
14965
14945
14968
14948
14919
14951
14964
14906
14887
14962
14875
14981
14932
14890
14974
14975
14910
14941
14889
14895
14886
14876
14961
14926
14880
14918
14903
14969
14983
14960
14947
14912
14957
14954
14927
14973
14936
14959
14977
14934
14905
14899
14971
14963
14908
14933
14980
14956
14909
14902
14881
14913
14879
14884
14894
14897
14872
14904
14935
14942
14892
14944
14920
14943
14885
14924
14940
14901
14978
2713
14873
14939
14976
14952
14882
14896
14967
14911
14949
14922
14950
14891
14915
14878
14966
14893
14925
14907
14953
14970
14938
14917
14874
14958
14937
14877
14900
14898
