14919
0
14924
14933
14906
14911
14967
14976
14886
14952
14884
14936
14879
14900
14882
14963
14915
14984
14895
14871
14894
14925
14951
14950
14930
14961
14968
14892
14969
14960
14943
14964
14954
14880
14896
14918
14965
14926
14921
14904
14910
14970
14934
14940
14957
14959
14874
14971
14956
14945
14903
14973
14939
14898
14877
14941
14927
14977
14966
14893
14872
14944
14899
14938
14975
14908
14972
14914
14974
14905
14947
14902
14953
2713
14922
14875
14917
14980
14889
14873
14897
14890
14916
14913
14942
14920
14885
14931
14937
14901
14883
14958
14948
