14911
0
14872
14908
14934
14902
14879
14930
14957
14897
14890
14935
14892
14939
14976
14966
14964
14933
14926
14899
14971
14947
14881
14894
14901
14959
14918
14906
14898
14874
2713
14958
14922
14942
14983
14975
14887
14941
14909
14873
14978
14965
14943
14914
14944
14884
14974
14889
14948
14893
14952
14924
14940
14932
14920
14969
14905
14945
14912
14973
14900
14921
14963
14888
14928
14968
14931
14961
14970
14904
14927
14915
14953
14882
14937
14977
14951
14925
14891
14895
14896
14949
14936
14875
14907
14885
14938
14950
14880
14967
14960
14877
14903
14919
14886
14876
14913
14917
14910
14954
14916
14985
14878
14956
14962
