1501
0
1502
1506
1484
1467
1559
1539
1473
698
1533
1576
1500
674
1552
1566
656
1465
1551
1466
1521
1520
1451
1529
733
672
728
1472
665
1464
1495
690
1508
1507
1536
1519
1524
1478
1504
1562
1454
694
1535
1494
1534
652
1505
1555
1497
1483
1563
1476
1489
720
1460
1510
243
1518
1463
1568
1525
1482
708
1485
1570
1564
1503
1509
1452
1487
670
1522
1545
1567
1530
1553
1450
700
699
1549
1456
1492
1574
1475
1459
1479
1455
678
1544
1543
1496
1471
1462
646
1514
1583
715
1477
1565
695
1516
1469
1548
717
1461
1470
731
1453
1547
1486
705
1546
1526
1515
1457
1573
654
1537
1491
1527
718
1493
702
1554
1540
1531
5207
5223
1870
719
5200
5213
5262
5241
664
5197
5209
683
5208
5245
722
675
5258
5222
3811
655
5219
658
671
5235
5201
5242
5210
706
5212
5243
649
651
677
5221
3087
5216
5266
5218
5232
725
5195
5214
716
5225
5230
5211
707
31913
31930
738
31928
31912
13785
1938
1977
23197
24864
23153
13821
31918
701
697
10909
31934
23172
19101
31917
696
13838
2882
5273
13830
31921
13788
31915
31922
24824
1887
704
13816
31911
729
692
7257
31929
650
703
1992
31927
14354
1764
1851
13807
1996
1942
31910
31937
13811
13817
20313
32109
36285
663
36275
723
1972
32082
13820
682
667
1958
36306
36282
36313
32098
36271
19102
21626
36259
23160
23179
669
648
32084
710
13809
36294
686
13801
36257
32085
36328
691
740
32097
36295
36286
36288
12900
11599
23903
676
12640
32091
32093
32078
36302
13833
688
687
10939
32086
13819
693
13784
37367
37348
37385
37393
37369
2800
37352
37386
37392
37341
37375
12113
2823
37378
37350
37403
32221
12123
37356
1882
37337
37364
37384
37418
37413
37406
689
37338
13794
2791
13796
37349
32224
37427
37394
37355
37361
37370
666
13773
37347
37335
2759
37388
32071
38983
39045
3832
39071
39063
39054
39055
39027
327
39033
38984
38978
1924
7830
32072
39032
14284
24885
39056
2794
3848
45790
3852
13823
13791
13802
32081
45811
45807
45799
13825
45789
45820
13805
13793
45805
13806
4061
13853
13834
45786
32105
45800
12644
55291
14308
55292
55289
8005
55299
32222
49103
55286
14279
3069
12654
58511
1920
58513
13799
45869
2760
58533
32080
21022
32073
3837
58509
58518
58514
58505
58512
58525
685
58507
50195
1918
58506
32245
58510
58534
21015
58519
58523
1906
58530
13792
2715
58522
1932
74337
74341
74339
17523
74345
74338
12108
74353
74340
12109
60538
1927
75522
1979
59878
75517
75527
21117
8013
75526
75559
32092
75561
26097
59877
12645
64269
1921
75533
60534
75542
75556
75543
56527
75540
32090
75510
39466
75545
75548
19781
75547
13840
64272
13789
75532
