1515
0
652
1519
705
694
670
1471
1574
695
674
654
717
700
718
731
1522
1482
1478
1476
715
720
672
678
698
699
690
656
1493
1489
1533
646
1545
702
708
1554
1548
243
665
5201
1917
13784
671
13777
666
675
13807
706
707
13833
710
13801
13834
12113
12123
3840
13787
13793
13780
719
13806
13781
716
13820
13818
648
13785
13847
13782
683
13830
13819
664
13788
13809
669
13817
677
287
3852
13816
13811
722
655
5195
13821
740
729
692
650
13796
697
725
23175
23197
23146
1958
23172
703
687
23179
663
704
31927
1942
5197
32100
31930
4061
31911
1977
1996
1992
738
32082
32088
32099
32081
32103
32101
741
32085
5200
12900
5252
5207
651
36271
5241
31934
36293
682
688
5246
327
32224
45798
45807
2866
