15164
0
3298
11899
4398
3365
2241
4399
3326
3395
7881
12608
3339
9847
15184
15161
3309
3302
3337
3332
15154
4367
3410
4440
3329
20049
787
472
430
3448
20047
4903
16842
4896
20035
6318
19340
4842
3490
4902
2023
4377
12885
4912
20030
2013
10341
19289
20029
4369
2254
4883
4696
25702
25674
9869
19314
16821
4374
25690
4823
25691
25673
25681
4368
25678
3295
4437
6246
11839
4388
19361
32195
4703
19299
35439
39799
39849
35484
4378
19347
4395
4402
39844
5821
39832
39812
4664
35458
19268
27568
4879
13620
16777
13635
4844
32684
4366
50437
27550
45504
47165
19259
19271
4422
27567
50679
847
3444
4381
3338
3305
4445
4405
19063
3427
4456
3357
26768
35366
50675
