1516
0
1460
1470
733
731
1565
1457
1483
715
1530
1507
1492
1520
1482
1564
1522
656
674
1452
1567
698
1475
1468
1474
1540
1501
1574
1477
720
1481
1512
1526
718
1473
702
654
1453
1570
1472
1521
665
1539
1546
1478
1511
690
1494
1531
1510
1467
1489
670
672
1533
1451
1547
1503
1509
1528
1464
708
1461
646
1554
1466
1455
1496
1553
1556
1517
1519
1488
678
1493
1487
1560
1459
1544
1535
1471
1462
1491
1469
1562
695
728
243
1576
1495
1548
3813
3811
3812
3825
3832
3847
3810
3807
3818
3815
3850
3848
3844
3830
3843
3837
3838
3814
2823
13796
36298
37403
664
13830
666
719
722
7975
716
12900
58534
65340
65342
