15173
0
15154
2241
3364
3337
7835
7881
9847
3360
15161
3313
802
3315
10869
3365
1024
4398
3366
3339
12608
15171
3329
3428
2062
15160
12603
3307
3302
3314
1347
4433
3336
9849
3355
3395
4393
3446
4440
4367
4455
2224
15162
10908
3410
32674
430
32708
1385
32658
3490
849
4366
18555
32680
32677
32693
17452
32670
32662
1369
11855
32713
32659
49130
4375
13635
3319
20029
3423
4666
13595
4405
49119
803
2117
3292
9641
1030
61447
3338
19777
4389
16558
3357
20410
10882
10954
61450
61436
19788
4369
4450
2254
