15226
0
15271
15297
15248
15291
15359
15282
15366
15264
15365
15241
2974
7346
15245
15321
15357
15302
15298
15300
8406
228
15263
661
15307
15303
15261
15414
15238
15262
15279
1115
15247
15334
15299
13543
15239
2971
15252
15258
15232
15280
15295
15327
15227
15267
15333
15225
15268
15350
13522
15223
15369
2899
15281
15272
15284
15240
15344
1121
1191
15336
15259
15292
15314
15329
15230
12158
38327
38316
9035
7801
38334
2291
38313
38315
4838
8210
38323
11777
38336
13505
8180
34826
38338
38318
38321
38300
38320
38299
38342
38324
38335
38298
38328
38326
38309
38314
38332
38329
34771
38337
9865
38330
38311
38302
38339
66273
499
21415
8215
27302
10799
66297
66265
66279
1369
66272
2302
