1535
0
1451
720
1501
1497
1475
1554
1466
708
652
1468
1484
718
1507
1565
1508
1469
690
1516
1547
1453
1470
1493
1560
670
1483
656
1593
1519
1564
1546
678
705
1503
1520
1449
1450
1540
646
695
1462
1495
1477
1576
1461
733
1505
1534
1549
1509
1528
1574
243
1478
1489
651
5209
5238
5208
5243
5253
5201
5220
5232
5242
725
5210
5202
5245
658
5213
5203
5262
3815
3811
677
5249
5223
719
5233
649
707
5195
5241
5226
5257
5222
5196
5214
5255
5227
5260
5217
664
5218
5235
5206
5267
5204
5256
5261
5236
5216
5228
5198
48036
47985
48040
47990
12634
1111
31913
34307
34305
47996
