15425
0
15429
15431
15434
1374
15452
15426
15445
2900
15443
26022
216
24189
26025
7442
733
15885
26068
26013
26023
26041
26020
6272
12959
26032
30334
4695
12591
26927
10948
3462
7979
3967
2975
2909
9030
6251
6304
20052
7245
18891
28038
4049
32118
32147
32156
32149
32144
1578
32126
32141
32129
32111
32142
32166
32146
32115
2049
32135
27361
32157
6259
32120
32140
32138
7867
7650
32123
6065
32130
32132
32151
30177
36801
26900
10743
243
37641
50170
33430
12971
7681
2996
41410
15882
26149
856
9678
26975
25203
9169
7432
14645
38164
2038
1807
27972
7694
34069
10747
2009
7678
26559
68920
34091
7443
7660
5644
7658
5589
41281
18615
4777
68913
679
10746
1722
26955
