15465
0
15466
9820
3416
15506
15470
9830
3397
9821
15515
3325
15513
15467
9857
15510
9840
9831
15512
9874
9858
3372
15478
9878
15489
9850
3346
15493
3376
15549
3361
15461
3310
15550
10734
15469
9838
9835
9837
15480
26708
9876
9877
37502
3433
11829
4329
3314
3297
7861
17483
50089
12615
50101
20903
50086
50115
26712
50102
50109
50107
50090
3343
26727
9842
50106
50083
26705
3377
3410
6298
51508
54538
16482
16494
2324
16547
4859
9872
26773
54517
9836
2008
9851
54526
16493
58333
58359
58326
58337
16542
58327
58348
20399
75002
75014
74996
803
3405
75028
74993
3321
26611
9854
17870
3426
75005
