1547
3
1508
1463
1476
705
1516
1551
1509
1484
243
652
1493
731
699
1454
1479
1503
1502
1506
1559
654
1469
1456
700
656
1465
1566
1452
695
1548
1477
1535
733
1543
1471
1522
678
1501
1533
1554
1555
728
1531
1519
1489
720
1552
1536
1486
690
646
694
698
3810
3828
3811
5207
5226
5219
719
5208
5237
677
5261
5241
5223
5249
5205
5217
1870
5235
5212
5199
664
5202
5198
5254
5203
5213
671
5251
5195
5232
5201
5206
5255
5218
5214
5256
5229
683
5216
5262
5196
722
5228
5233
5224
5243
1917
5204
651
5248
658
5260
5250
5227
716
5245
5197
31913
48466
13781
13782
48435
7975
48437
48424
48420
48439
12657
45851
13780
48458
48418
666
48433
45786
13811
48442
710
13847
