156
0
20
136
124
111
41
99
66
7
85
101
169
162
153
39
140
57
125
24
56
161
88
9
117
89
94
115
48
63
37
137
38
29
92
77
75
91
157
40
15
44
110
47
144
129
3
43
70
45
908
899
891
978
948
959
946
972
949
910
983
901
934
970
894
918
930
937
994
941
907
1005
933
960
944
995
957
919
997
954
987
889
991
906
897
896
953
964
932
955
936
4081
4094
4103
4092
4077
4099
4075
4072
4096
4069
4086
4091
4087
4119
4070
4076
4104
4108
4169
4231
4191
4188
4163
4218
4156
4152
4149
4200
4141
4278
4146
4155
4239
4186
4212
4259
4213
4180
4209
4168
4173
4177
4202
4252
4241
4205
4204
4253
4147
3162
4158
4195
4198
4273
4179
7611
7595
7572
7565
7622
7604
7593
7576
7584
7577
7564
7568
9741
6929
6878
6917
9757
6928
6914
9776
6910
9793
11958
11970
11980
11949
11937
11972
3237
6886
6911
13446
13447
13414
9380
14174
6871
6899
14168
22035
22036
20982
5132
22038
22042
21996
22447
25131
6887
25102
18510
20119
5172
5027
29899
30496
30518
31434
20137
31429
31420
31439
31488
31418
34723
34730
35984
18493
46918
32406
20109
55208
55236
32461
55207
60829
60859
20086
20956
61559
20090
43840
