15884
0
15885
4892
12989
15922
11288
15934
2958
15883
5582
15907
2038
15896
5608
15937
12306
15904
15887
5576
5589
15931
485
11282
4900
7450
15886
7418
4845
2324
5603
15898
15927
15928
15915
15892
15939
5630
14117
15903
2291
5635
15894
4878
15882
15895
15914
15946
12514
15897
2322
15900
817
15879
876
12425
15923
7689
5580
2903
4859
2912
5623
25226
14096
5644
14624
2321
25210
18817
7650
6302
1744
4680
11621
2900
6294
56299
33046
21287
56255
12971
53229
27384
56284
7270
14668
9678
2891
7671
12965
41410
7407
67651
13790
67649
67659
6663
5762
10895
