15908
0
4878
15896
876
5630
7450
5588
15892
15898
12973
10229
12989
15920
15927
15931
5610
15894
7416
2322
5603
5669
4845
5602
485
5589
11283
817
4900
15929
12425
5582
15884
5576
5635
5608
11282
15922
4892
15883
15923
15907
2324
15899
11288
15882
2291
4945
4859
4860
5655
5243
18808
18797
18815
11274
4880
11287
2009
4715
5580
5623
18795
4693
18796
2945
18828
18789
2246
4836
5583
25255
25274
25234
11273
25225
25195
25223
1336
25218
25201
1807
14624
2908
25198
4687
25203
25214
25193
35790
2049
20035
10892
46114
5595
4752
5567
4692
11278
5762
51037
51032
5578
2900
7651
7979
51033
51049
1656
