15967
0
15969
15993
15964
7647
15992
9855
11723
7766
15975
15988
15978
15997
15976
15973
15971
16004
15989
15972
15961
11724
7679
15990
10803
16001
9155
15959
15991
7672
10781
15963
15958
15970
11753
15966
8335
15982
15998
15987
16002
6304
15996
10748
7727
15979
15974
15981
15986
15985
15994
12192
15968
15977
16000
15980
15965
15960
12222
18301
9856
1145
1064
18296
31078
3083
15350
34741
8341
21940
26206
1066
34845
34790
26213
26194
15298
11777
1049
15268
34765
52243
9004
52237
1191
52245
52249
52241
18309
9038
52230
15245
52229
1051
52236
52232
9011
8333
52240
11720
1160
1133
11722
62964
62970
38318
61701
10448
1067
62976
62975
62980
11708
8355
