15962
0
15982
10748
15990
15991
15983
15964
15967
6304
15960
15981
15996
12192
15980
15989
15985
15984
15963
15969
15993
16000
15970
15961
16007
15979
9855
7672
15972
16004
15966
16003
16002
15987
10781
9155
15971
10791
15999
15977
15958
15965
15975
7647
15986
15974
15978
15976
15968
16001
15959
15997
15995
15994
11753
8335
7679
15998
15988
11723
18296
1064
1172
31308
9856
7642
1145
9012
31252
12241
3967
31256
52236
52246
8276
24252
8385
52252
52235
4008
9050
1052
8999
52249
1049
1191
9048
52227
8301
9011
9002
659
12249
9093
52256
52257
8994
8386
9042
9008
12243
18309
9041
52268
62964
12153
7719
7891
1067
9030
62990
7752
12158
23834
15268
10448
713
2974
14157
62977
