16
0
102
158
86
91
34
79
81
77
90
39
64
13
31
127
107
45
113
93
76
53
66
116
5
69
18
37
57
142
75
22
178
162
145
7
153
44
80
118
33
156
61
38
82
17
85
84
42
143
68
62
135
9
26
6
56
30
92
63
129
27
10
137
144
0
46
149
105
20
14
168
109
99
58
8
71
36
119
4108
7584
7565
7602
4213
5170
7599
4212
906
898
7576
1003
7593
7561
7594
7617
7566
7583
4086
7574
4194
4121
4096
7605
932
964
7573
7600
894
938
7562
7609
7564
6482
4085
7581
7563
930
11979
6914
3160
11940
11952
11938
6928
962
4216
11968
11943
11985
972
20096
38193
18493
46913
32406
21996
46887
46890
20109
22425
46900
1303
12361
12701
12742
5182
12750
55243
46640
20116
70243
60855
966
70204
30487
30478
30493
20099
30488
16730
45048
34395
16728
71501
71513
71528
71507
923
31422
71515
