1604
0
1650
1624
1664
1662
1675
1636
1656
1603
9929
9944
9972
9925
9922
9964
9950
9968
9934
5765
9956
9957
9948
9979
9945
9931
9935
9941
5825
9952
9940
9974
9946
9928
9958
9966
9967
9924
6264
9971
9942
9937
9927
9962
9932
9930
9960
9965
9939
9923
9955
9936
9951
9953
9938
9980
9975
9970
9949
9926
4930
9921
9961
9933
9959
9969
9943
9954
6288
6283
9973
9947
9976
33487
6257
33492
33506
33471
33513
33474
33491
33508
33473
6272
33470
6258
33494
6280
10687
33478
33490
33511
33518
18101
33515
33475
33499
33495
3549
33505
33482
33479
6282
33510
33486
33504
33500
33489
33472
8170
40752
701
5816
40824
40766
21318
40749
40810
40787
5243
2987
40799
40794
42578
42583
42585
42581
42579
7979
42582
42586
42584
59116
7257
7965
56697
