1606
0
1641
1658
834
1651
3011
2939
2974
2937
660
2987
2946
2991
216
5792
7228
679
4658
5832
3087
7346
8264
1046
8180
8182
1095
724
8301
8282
1052
8181
1063
8210
659
8276
8220
10369
8332
9035
10372
3889
10370
1055
12165
12153
12158
12174
653
12163
12196
12148
1049
12175
1056
1051
12233
668
1034
12238
12170
8341
12251
12156
12252
12217
12210
12146
1093
12168
12169
12205
12262
12191
12267
12154
12204
9892
12281
12188
12223
8374
12199
12241
12147
12166
12256
12220
12185
12157
714
12164
12183
12172
12184
661
1111
9037
11111
12230
9050
8369
1121
12171
1149
1133
12247
12232
12167
12283
12201
3898
12529
8363
355
13775
13797
13824
662
657
1115
13786
303
7783
19417
19450
19524
10947
19422
19387
19542
19395
19461
19390
19568
19475
19404
19421
19394
701
20890
12785
15457
831
1142
1123
1105
20837
10209
10059
29226
9003
26511
29221
29254
31551
12847
33696
14643
21940
15298
24265
15350
34832
34739
11140
4008
6535
35059
35071
8013
713
7712
523
34579
8017
4063
5285
18104
17439
36843
3899
8431
33458
732
10893
3966
39044
37282
4808
18162
9524
30814
1122
41942
9893
41845
12854
9095
9030
43111
26240
3975
1182
10918
15260
43128
1739
8997
44459
37038
44381
44397
44393
44432
2689
44408
34590
44442
5624
44395
44373
10915
44403
44374
16679
14744
9005
36380
8761
26096
13543
47818
11075
61758
61751
61722
1119
61750
61769
57078
61806
851
62079
62110
62149
12662
62690
63406
63410
63398
34613
8444
63822
63805
63810
45419
11025
667
11170
8721
28912
18402
16603
64834
64820
28995
66050
66103
48966
66051
66074
22926
7891
43625
59164
8379
68585
70911
62910
70905
70960
62423
70906
70902
23023
65649
70948
22684
70907
70989
8386
