1607
0
1608
1630
1618
1644
1653
1639
1612
1610
1661
1628
1645
1655
1659
1614
1626
1657
1668
1638
1649
1609
1617
1665
1622
1611
1634
1647
1601
1629
1600
1669
1663
1615
1672
1646
1640
1631
1616
1637
28453
28479
28499
28501
28515
28566
15447
28583
28484
28462
28459
18744
28514
28443
28553
28555
28573
28554
28597
28602
28539
28524
28523
28537
28527
28609
28529
28444
28433
28549
28450
28470
19298
28437
28440
28485
28516
28496
1767
28500
28604
28509
28571
28431
28603
28586
28435
28534
28452
28466
28445
28620
17762
28613
1689
28512
28621
28591
28559
28565
28471
28572
28570
28579
28456
28520
28561
28584
28455
10415
28513
28506
28493
28494
28540
28626
28547
28505
28476
28538
28592
28582
28589
28568
18692
28588
28482
28487
28454
17692
28567
28477
28495
28510
28548
28438
28474
28465
28504
28600
28606
28574
28464
28517
28467
28619
28545
28448
28518
28531
28623
28550
28616
28556
28580
28469
28449
28552
28468
28486
28546
28569
28502
28577
28522
28490
10456
28590
28610
28607
28447
28432
28441
28632
28473
10620
28475
28439
28633
28483
28608
28558
28557
28601
28472
28463
28436
28521
1759
28451
28434
28528
28578
21883
28615
28544
28481
28543
28596
28628
16297
11177
28457
28581
28491
28480
28595
28461
28541
28576
28526
28525
17772
28511
28611
28519
28446
28535
28585
28492
28508
28614
28533
28498
28532
28488
28530
60439
3652
60460
7964
803
1753
60462
37999
3660
7979
60461
3659
31358
33246
3634
3617
3640
38084
701
60433
