1619
0
1620
1630
1656
1675
1608
1641
7416
7453
828
7455
7430
7441
7394
7392
757
7391
7460
7472
7448
803
505
7397
7508
7477
7417
2935
7443
2904
5589
7399
4859
6663
4692
3545
1782
7432
861
5644
2037
7433
2321
7411
4677
7454
7476
7428
7401
7496
7406
7493
7393
7427
7459
7431
7408
7480
7458
7395
7403
7442
7429
7400
7440
7495
7420
7410
7471
7488
7517
2953
7422
7490
7437
7396
2243
7531
6302
7424
2014
2945
7475
7423
7486
7469
7464
7413
4903
7414
4683
7439
7398
7421
2908
7483
7435
4049
4729
2049
14606
14603
1437
12989
14624
2070
3934
1759
876
3491
14577
14666
7666
14690
13559
14585
5603
1369
7675
2997
5599
7830
4653
4680
14576
4662
14655
14672
7710
2903
499
4725
14637
14587
4777
4766
14591
4665
2021
4687
14605
12565
14611
7867
701
7662
28259
11652
10892
10750
2892
27934
20456
11658
28285
1764
28269
1374
7694
9186
28302
9169
32133
15436
2927
15434
2900
6259
7650
32123
849
20005
1424
15425
556
15457
15443
32113
4056
22067
15439
4404
855
43918
4044
43926
43950
16768
43931
31518
20045
4674
43953
2009
26246
43915
3543
20014
43945
43927
22124
34128
19653
34083
43932
12879
41962
3511
20078
10743
8080
2291
1807
31738
43924
34080
4703
520
19970
826
2008
12832
1030
34101
43913
43487
21070
3967
10001
23297
5578
18589
4714
2225
52142
4686
52153
2018
52135
5614
4752
679
4673
52099
52138
34156
4694
2984
4052
52095
52120
12591
2246
2238
52091
28370
2330
1423
4734
4654
2241
52116
52162
41281
6312
856
2038
13375
52811
7658
6020
52821
52800
7686
52826
9212
7964
26137
52820
7668
7642
31251
52805
52812
27931
29553
2050
33429
10911
4394
9678
56335
2368
3521
2245
3434
2294
4940
1744
2366
4375
817
11762
3401
1840
12509
2302
4672
2042
2026
54212
30386
56358
56336
2231
16295
7660
2276
2256
56339
2226
2228
1841
15938
18809
3471
27389
22060
27836
59277
4846
2322
19015
59298
59302
49154
38480
22101
18177
32664
22057
485
59309
12842
469
12093
2239
12944
16839
12524
60927
2255
2236
26588
12862
4370
31601
12513
2269
4403
2244
44887
2931
4372
24984
60926
60928
60931
60940
60920
12516
850
4413
24208
25203
3444
1024
2263
2271
4763
61143
12510
61145
46220
31098
14153
4429
61142
1803
10772
4671
7345
13620
1696
61139
27311
14097
6638
6004
