162
0
69
47
156
92
66
20
161
9
168
128
80
95
32
24
109
75
91
123
28
7
85
57
124
129
79
46
13
17
99
77
4173
930
4171
4152
4077
4108
918
4164
921
983
4143
952
889
994
4169
4155
4147
4072
932
944
4146
4222
959
4182
4158
4163
929
894
4194
4204
4249
6929
6913
6955
6917
6939
6933
6886
6924
927
6911
9404
4076
9389
4105
906
12373
12355
12361
12354
12353
12359
9776
13400
13431
13446
9753
7613
17255
17439
18485
5132
20081
20092
21002
25125
11938
5027
25113
32027
34708
11949
34696
22448
34701
34702
34709
34712
34704
34700
34710
22471
34711
34703
34705
