16223
0
16224
16258
16318
16244
16355
16269
16238
5243
16341
16263
16272
16275
16327
4680
16271
16288
16331
16322
16232
16388
16280
16351
16281
16350
16241
8354
16228
16250
16338
16300
16268
16358
16266
16307
16347
16289
16252
4658
16222
16229
701
2328
16262
16326
16313
16234
16349
16293
16254
16342
16299
16283
16312
7836
16243
16265
16309
16260
16227
16239
16306
16276
16361
12093
16290
16278
16286
14137
16407
8421
16235
16332
16303
16320
16230
16245
16273
16236
16297
16240
16316
16264
16237
16409
19663
19630
19646
19631
16889
16882
19645
19609
19633
39284
8170
39279
16881
7455
39306
39295
39296
39275
4728
4809
1369
41276
41264
757
16880
4734
2246
44881
16883
2009
44873
44894
44883
1656
44874
4662
2927
2049
499
10344
23948
35585
1764
8043
