16238
0
16239
16229
16228
16278
16288
16355
16271
16364
16225
16260
16223
16290
16234
7836
16266
16247
16314
4658
16331
16272
16307
16241
16281
16279
16285
16304
16222
16313
16312
16341
16306
16323
16361
16326
16262
16236
16336
11930
16233
16349
16227
16327
16311
16235
16303
16237
16293
16316
4680
16337
16221
16332
16317
16283
16254
16252
16340
16356
16280
16401
16296
16265
16322
16351
16372
16350
16263
16299
16289
16320
2328
16268
16258
16342
16286
5243
16240
16300
16244
16347
16305
16269
16250
16264
16261
16297
16358
16245
4664
701
16390
16338
16257
39275
7532
7455
19633
35564
8170
4728
757
41276
16889
3422
41245
19637
7953
35539
35565
44898
35575
19665
35571
2246
1656
44906
44879
