16263
0
16315
16332
16297
16309
16281
16271
16313
16325
16241
16221
16282
16258
7836
16303
4658
16264
16312
16358
16243
16252
16269
701
16222
16236
16262
16287
16337
16272
16237
16877
16875
16886
16882
16878
16881
16879
16888
13566
16884
19647
1336
7441
216
7270
19651
2291
24485
7964
24477
24480
7678
7979
35583
35620
10001
35568
35569
7710
39260
39297
7532
39263
39292
39299
39296
39283
39268
26514
41279
9952
7471
41256
22721
2987
33221
22719
44874
44898
44893
44879
44890
2049
59473
59573
28965
39149
59499
48721
59529
6237
59492
7280
33249
59551
48723
34880
59510
59591
26974
60484
60478
52860
60489
3617
60160
1764
74810
75276
45202
76220
8043
