16265
0
16312
4739
16297
16228
16281
16326
8257
16276
16341
16303
16252
4658
16331
16332
16354
16264
16337
16245
16286
16273
16241
16258
16261
16271
16322
16307
16238
16262
16299
16236
16224
16221
16287
16306
2328
16234
16223
16318
16272
16325
16327
16222
16321
16885
16874
4749
16889
16879
16883
6274
4728
16880
2246
16877
16894
16882
19616
19604
19609
19630
19686
19625
19608
19636
19612
19633
19606
19650
19624
19614
803
35566
35583
35556
35539
35605
35559
7675
10001
35555
35550
39275
31046
39271
39273
39260
39266
39304
41288
44890
44878
44906
2049
45908
45920
45932
60489
75270
75277
75279
75278
75275
75272
75269
