16271
0
16290
4658
16237
16287
16222
16299
16252
7736
4680
16318
16241
16313
701
16319
16236
16263
16297
16315
16344
16880
4728
2246
4749
7710
757
10001
35593
7455
39297
39267
41266
1374
41279
41254
3461
41256
41288
2927
44893
44884
2296
43457
9990
46998
2908
9999
45174
47002
6663
7666
54138
10344
54090
23948
54120
54087
4725
34027
33221
7867
45157
63705
6302
7760
30695
63690
7698
3087
63713
30699
63717
63735
16768
19973
7649
66173
45922
66183
66152
39162
66151
66181
66149
34152
66145
66153
66164
66167
66171
66195
66186
26096
66147
59551
70362
70373
70383
48721
74867
74810
74874
62631
76206
