16276
0
16321
4658
16252
16241
16228
16303
16221
16304
16337
16233
16372
16281
16297
4664
8257
16258
16223
16231
16300
16288
16265
16286
16299
16307
16237
16331
16263
16264
16306
16289
16235
16312
16352
16224
16322
16272
16273
16271
16341
16290
16332
16287
16222
16261
11930
16311
19613
19608
19606
4063
19612
19666
19686
16889
19646
19636
19616
19632
19630
19617
19629
16890
12518
19609
19604
19645
16882
16885
19633
19667
19650
19624
19631
19615
35571
13566
35585
16881
35555
35559
35539
35545
35538
803
39271
16879
39262
39279
39264
39286
39266
16875
39290
41270
41238
31110
60516
60479
60524
66232
74836
74819
74820
74813
74833
74843
74814
74822
74862
74846
74847
38454
44894
74829
74831
74845
74815
74855
74876
74830
74869
74841
74849
74835
74816
