16272
0
16273
16326
16306
16250
16286
4658
16238
16287
16318
16281
16313
16300
16237
16351
16297
16327
16357
16289
11930
16222
16309
16269
16322
16261
16263
16282
701
16264
16265
16325
16245
16311
16224
16262
7465
16241
16331
16337
16258
16341
16276
16332
16303
12093
16236
15172
16271
16223
16221
16252
16228
16312
16877
16886
16880
16875
16889
16884
16882
16881
13566
2246
16878
16888
19625
7270
19612
216
19616
19647
1336
19637
19633
19609
19646
19624
19614
19617
19686
19608
35562
35568
35545
35601
3013
35583
35538
851
35584
35612
35546
35592
35563
31046
26514
39296
39260
39271
39266
39287
39299
39272
39304
39286
39276
39278
39284
39262
39297
39264
41247
41259
7471
41246
41238
41248
41279
4703
43472
7979
22719
2987
22721
33221
44879
2049
44890
1115
3617
52860
60477
24480
60484
60489
45920
66173
2256
66171
70359
30087
59551
70363
4666
63717
23948
70368
70395
74828
822
76217
24477
7767
1764
76212
