16288
0
16341
16227
16224
16226
16246
16313
16292
16228
16254
16252
11930
16299
16308
16316
16326
16352
16223
16306
16247
16300
16361
16353
16325
16276
16242
16303
16238
16233
16318
16279
16347
16281
16348
16243
16282
16239
16263
16231
16222
16232
16237
16221
16304
16273
16327
16280
16269
16225
16245
16261
16331
16293
16311
16229
16272
16368
16260
16332
16266
16336
16321
16240
16338
8257
16265
16257
16262
16294
16323
16349
16297
16286
16264
16241
16283
16289
16268
16278
16312
16259
16249
16296
16298
16271
16258
4664
19615
19612
16885
19613
19624
19616
19626
19633
19614
19625
16882
19636
19646
19660
19686
19639
19629
19670
19610
16874
19635
19649
19651
19637
19645
19609
19627
19634
19608
19676
19650
19631
19663
35556
35555
35583
35585
35595
35570
35562
16881
13566
2246
35584
35546
35566
35538
35559
35599
35581
39283
39272
39271
16875
39266
39273
39257
39299
39254
16887
16877
39297
16878
16886
39260
39279
16879
39264
39285
39276
39263
31046
16888
39295
39284
39296
39275
41245
41236
41252
41259
41248
41257
7471
41276
44906
44879
44898
60479
60513
52860
60506
45920
60489
60502
60484
60525
60477
24480
1764
74849
74835
74816
