16280
0
16250
16228
16276
16303
16311
16281
16263
16287
16235
16300
16239
16265
16241
16272
16320
16297
16325
16286
16258
16322
16268
16236
16273
16222
16266
16269
16237
16234
16313
16288
16252
16312
16264
16224
16331
16304
16289
16341
16372
16306
16307
16261
19630
19627
35620
19646
35575
19606
35590
35599
35538
16881
19633
19631
35539
35555
16882
35583
19610
19645
35571
19616
16889
35546
19665
44898
44890
45920
60492
60487
41278
16874
19609
39262
60489
39287
60504
60503
60498
39264
60499
19625
60491
39286
19634
60494
41236
16877
39291
