16306
0
16307
16265
16351
16250
16322
16241
16269
16268
16252
16354
7465
16325
16239
16266
16332
16273
16372
16280
16245
16331
16236
16222
16237
11930
16312
16336
16261
16263
16235
16320
16304
16240
16224
16282
16243
16264
16341
16258
16286
16281
4658
16238
16221
16289
16276
16313
16234
16262
16229
16272
16288
16311
16303
16297
16223
16228
16877
16889
16894
16874
16882
16875
16886
16878
16881
19645
19634
19631
19624
19630
19633
19626
19627
19686
19610
19665
19606
19625
19609
19616
19646
19651
35571
35555
1099
35556
35584
35575
35539
35546
35583
35545
35565
35620
35538
35590
803
35599
35566
26514
39292
39260
39269
39257
39271
39299
39264
39262
39263
39287
39291
39286
39296
39290
41236
41278
41276
44898
7953
60516
60479
60524
24480
52860
60513
60477
60489
60506
60484
60502
45920
60525
