16321
1
16232
16322
16222
8257
16229
16332
16286
16255
16241
16300
16341
16276
16352
16297
16299
16303
16313
16281
16306
16259
11930
16311
16294
16258
16324
16287
16350
16291
16250
16264
16235
16327
16288
16325
16368
16233
16224
16242
16307
16261
16237
16262
16312
16236
16331
16263
16298
16231
16273
16265
16228
4664
16320
16223
16309
16252
16243
16272
19613
19612
19616
16885
19646
19638
19604
19609
19626
16889
19663
19637
19645
19610
16881
35570
35595
35616
35573
35562
13566
35568
35556
16880
35544
35564
35539
16895
35559
39264
41236
39260
41245
39279
39297
41276
39295
16879
16891
74816
74835
8063
44906
1764
75275
39254
16877
39273
45202
60489
76211
76224
76236
76210
16886
16887
39276
60477
8043
76200
39263
76221
39299
