16322
0
16312
16263
16281
16348
16252
16372
16221
16264
16230
16276
16303
16251
16233
16300
16232
16223
16288
16266
16352
11930
16228
16297
16250
16287
16222
16268
16236
16240
16337
16307
16341
16298
16265
16306
16272
16313
16286
16224
16289
16259
16235
16273
16311
16261
16237
16326
16889
16882
16885
16881
19633
19627
19609
19617
19646
19636
19634
19655
19625
19645
19632
19608
19676
19611
19686
19606
19616
19657
19624
19630
19666
19629
35539
35601
35590
35538
35561
35560
35585
35546
35555
35600
35547
35599
35545
35605
35563
35571
35550
35575
35579
39275
44897
39266
45908
45920
39290
60491
60492
39257
60514
39286
39271
39262
66206
66213
66199
74839
74809
74828
74825
75271
75275
75278
