16352
0
16271
16234
6300
16237
16224
16250
16287
16341
16312
16313
16303
16289
16307
16325
16273
16318
16350
16298
16311
16235
16241
16357
16338
16327
16238
16272
16265
16276
16252
7736
16232
16297
16264
16321
16306
16263
16223
16351
16324
16299
16300
8257
16320
16231
16281
16258
16259
16236
16286
4680
16282
16243
16222
16309
16354
16322
7465
16229
16228
11930
16288
16261
16242
16331
4664
16221
16262
16268
19606
19609
19637
19630
16882
19614
19679
19631
16876
19665
19638
19651
19684
19616
19686
19646
19649
19639
16889
19620
19612
19645
19610
16885
19633
19613
19650
19615
19635
19652
19666
19668
19663
19624
19629
757
35562
35550
1641
35565
16881
13566
35577
35595
35570
35559
35566
35538
35564
803
35555
35556
39260
16888
39304
39264
39279
39271
39282
39278
39276
39299
39275
39297
39281
8170
30694
30663
74809
74816
60477
41248
76204
60502
7471
70359
1764
76224
76209
44879
76206
75275
45920
