1641
0
1677
7540
7545
7551
7548
7550
7547
7535
7555
7544
7554
7546
7557
7539
7534
7542
2590
7552
7536
7553
7556
7537
7533
7538
7543
9035
660
11603
1034
653
12186
12188
13824
14149
20535
20538
20540
20513
20567
27901
27908
27913
27896
3031
27900
26120
316
36611
37311
43623
43654
43602
43658
23072
43633
43599
43678
43671
43638
43629
43699
43622
43641
43673
43605
43628
43635
43617
43684
43647
43662
43613
43639
43674
43625
43611
43640
43626
43666
43608
43676
43621
43604
43659
43655
43649
43648
43606
22682
43708
43616
43603
43627
43669
43675
43657
43677
20932
44398
44397
73106
