16433
19
16417
16431
3421
457
16456
1374
2333
1402
16445
16435
5673
853
16421
3433
849
7861
15494
16483
7890
16495
3346
16480
464
17389
17415
17421
17464
17424
17429
17452
17399
4852
17438
17418
7836
17392
17416
17379
17461
2996
7859
17468
17396
17479
17483
17400
17442
17423
2174
17449
17401
17402
17384
17435
3388
17864
15829
2121
24235
24223
2018
16781
24221
24212
24249
24206
2038
24213
24280
26582
26602
26595
9879
26603
531
26600
26583
26587
26604
26593
26594
59641
59623
59608
59612
47208
55801
44144
44155
469
4703
