1651
11
3966
3898
5274
20255
28727
34631
39013
39047
39016
39019
39049
39052
39025
38996
39044
39050
39038
38985
39037
39005
39017
39024
39041
39006
39067
38987
39022
12793
39046
39003
39023
39064
39061
38990
38983
36330
38989
39043
39007
38992
39028
38986
39060
38998
39058
47417
47442
47413
47472
47441
47410
47439
47466
47456
47534
47433
47437
47392
47496
47463
47426
47373
47385
47493
47429
47370
47380
12814
47464
16461
47503
47538
47444
47360
47393
47364
47368
47412
47395
47519
47497
47467
47387
47486
47379
47516
47376
47506
47520
47377
47510
47366
47495
47422
47465
47405
47499
47492
47382
47434
47528
47522
47400
47408
47362
47415
47375
47489
47500
47494
47490
47530
47459
47453
47524
47491
19568
47457
47421
47501
47359
47383
47443
47515
47432
29125
47428
47527
47531
47436
47418
47427
47374
47440
38886
47403
47502
47391
47448
47508
47423
47384
47416
47451
47396
47399
14467
47435
47487
47505
47404
47550
47536
47484
47458
47504
47485
47532
47425
47517
47372
47461
47477
47420
47398
47476
47470
47419
47369
47367
47389
47475
47473
47513
47471
47388
47512
47411
47452
47409
47361
47424
47446
47483
47381
47460
47479
47474
47548
47363
47390
47397
47462
47514
47431
47521
47371
47365
49095
49098
49099
49112
49111
49105
49115
49101
49103
49108
49107
49100
49106
49109
49102
49114
49096
49110
49113
49104
16627
49097
51937
