16617
0
16581
8780
11055
16611
11043
16673
16685
16634
16590
16675
16621
16596
11139
16630
16671
1060
16606
11090
16627
16650
16597
16594
16603
16587
16629
16715
16610
16576
16694
16626
16595
16649
16632
16643
11135
16705
11045
11116
16601
11067
10146
16656
16588
16598
16652
16635
16602
16605
16623
16578
16679
16628
16663
13790
16631
16641
16609
16604
16622
11101
16618
16619
16698
16657
16644
16613
16461
16582
11027
11122
16586
16678
16717
16651
11039
16585
16642
16579
16589
16615
16583
16682
11035
11128
29096
29060
29136
29063
29073
29125
29131
11063
29174
29075
11072
18616
29106
29127
11032
29074
29092
29103
29070
29109
11094
29061
29076
29077
11089
29146
29099
29067
29126
29152
29059
29090
29062
29163
29119
29102
29079
29137
29180
29175
29134
11137
29108
29181
29116
29098
