16739
0
16740
16792
540
3466
2301
9030
16788
3538
2074
526
2082
16766
16790
16800
16840
3469
4818
16771
2013
16750
472
3471
3490
7491
2243
16809
16824
2009
16760
16742
4870
16797
3527
16772
3511
16752
16737
2027
430
3461
4722
4846
1382
2241
2230
3478
3502
4822
39795
2124
4904
39796
2326
4855
31122
39760
2250
18125
3516
4764
3518
7646
3521
3549
2242
3482
43977
6264
3462
2008
4701
2064
4913
4697
4390
19009
49577
45771
4377
51640
18112
51641
51643
3507
51645
2267
31136
51626
51631
51683
51638
1303
51670
39721
19008
51672
51634
51658
51637
51650
2387
20005
19294
5243
464
44146
44147
27875
22122
65001
44140
44153
2249
65008
67621
4446
67618
67620
20021
