16732
4
12689
22
16731
16730
9639
77
5327
9407
17309
2598
964
99
92
1348
3981
25401
2382
4357
4334
1303
12742
25412
932
4339
25409
5270
1275
2248
12706
4085
9386
85
5182
991
9378
32539
894
32607
901
9792
4181
9385
5172
8562
32601
4148
32552
4313
4286
4299
4292
3160
4320
4105
39976
5792
4010
48608
20808
19590
4305
48619
9395
12785
48663
20821
33622
983
43283
26869
48639
4168
48605
48624
48610
7228
4084
48595
22641
48641
48598
9024
17375
20816
33589
18104
20829
48601
20818
48591
48602
48629
48626
3494
48617
43790
216
48678
48635
48604
15793
9368
48669
9391
48668
33534
4350
20807
17967
48599
33650
6008
20823
48611
2464
20812
9383
33584
48682
2996
33563
20809
48621
48603
20806
20810
48594
48606
48618
35347
18880
20822
13535
4314
48637
33564
48640
48614
12738
713
4180
50249
4217
50247
50252
50246
5308
33548
63357
33669
20815
63353
22814
63372
63377
63362
