16751
0
16737
16801
506
16784
540
2074
16739
16830
6324
3471
16803
472
16797
16771
2157
4703
16765
2082
3469
16733
16812
16773
2009
3466
16790
4870
16807
3527
3537
2027
16772
4858
44137
44180
44138
17444
44148
44166
28205
44143
17392
44135
44176
44149
44168
44139
44154
44171
2064
464
44177
40450
40456
44144
44159
44153
2008
44160
44172
44169
17412
44165
44136
44141
44134
44150
44161
2124
44163
2246
1374
27815
44162
44175
44167
44158
44147
40453
44155
20021
65006
28226
64988
40460
65014
64990
430
65013
65011
3502
40465
64987
64997
2121
2127
2230
469
2333
65016
65007
65010
65019
64986
4903
3423
1386
2241
65009
3549
65012
64991
