16755
0
16782
16768
3471
6324
2074
16775
3538
16793
13518
2067
540
3489
16759
2013
16802
472
2027
3537
2023
16792
16799
16801
16871
4417
3490
3466
526
16789
7491
16762
2009
9030
16763
3527
4818
16800
2301
16784
2361
2243
16829
16839
2302
46106
24436
70070
2291
10767
2256
2936
2309
43969
16364
19962
2310
7838
21356
66265
10799
68135
2320
19954
20047
2038
27302
38425
21297
6237
70069
19963
3034
19987
19943
34007
20766
20685
43928
20742
499
454
20688
38390
528
2306
4416
3478
2246
2124
20005
3518
3491
20015
826
817
2297
2241
1656
3516
3470
4903
2029
3549
4858
850
4667
4764
4658
