16760
0
2074
16799
2013
2301
7491
4870
540
3537
3538
16773
16792
16753
16748
2157
16787
16761
16834
16813
16778
16783
16842
16791
3466
16832
16751
3469
16779
16826
526
16806
16743
4899
16823
16796
16800
472
16811
2027
4383
2023
16812
16758
16739
2243
16771
16822
16829
4703
6318
2009
16804
16736
2082
16801
16820
16784
16742
16856
16830
16797
16776
3490
16782
16750
3489
16803
16790
16772
2996
6324
16775
16793
3511
4717
16733
3471
16740
16798
532
3966
17468
499
17423
17379
17400
17487
8319
524
3898
464
849
10734
17425
39593
19347
26783
13674
4902
454
19276
13678
430
19895
32251
39826
19301
4664
39798
39602
39574
13620
4722
4868
2124
2326
39573
35439
19311
39820
3295
19257
39853
39824
4973
13603
7459
2217
3502
19351
4879
10341
2279
4452
4402
19262
20017
39808
18113
2241
19310
4903
19300
19284
19336
39847
39811
2280
13671
19373
13626
3478
27882
2230
13589
19007
4904
4363
25674
19254
3539
39812
10815
5821
33512
35370
4440
2070
19314
19288
4666
4378
20012
19355
13595
4412
4668
19268
2237
2260
39807
44155
27815
44167
44175
44166
44143
2008
2064
44160
40456
44187
2246
28205
44136
44135
44137
22122
44139
40450
44150
44161
44145
20021
3461
4858
44134
18789
44147
44173
4913
3535
4390
49576
4368
19009
2644
4764
49585
4880
3549
4377
28723
2250
4963
2255
4715
2012
19883
4830
13609
543
3482
3536
49577
49578
3545
25702
4366
4871
10706
4701
19357
13723
4655
57496
2382
19904
13653
4707
50306
13632
13584
13588
13582
57526
4710
13570
38248
57545
38246
13605
57503
4755
13685
64991
64988
28226
3423
29609
65005
27836
22296
40465
65019
3439
19019
65008
2249
65001
65013
2314
7650
65011
55801
2127
64987
3497
3507
4384
3518
74280
826
19015
3516
2047
3521
2309
4882
813
3464
3491
19266
850
