16772
0
16773
16792
16736
16737
2009
540
2301
16761
3538
2157
16771
16752
472
16788
16734
16824
2243
2082
4692
7491
16803
16739
4870
16742
16832
16826
1414
16809
16760
16756
2027
3469
3511
16759
16733
16775
2074
16794
16747
3527
16790
16797
16778
16765
16768
16791
3537
16751
16786
16801
28217
28189
28226
28205
17392
4662
28212
1374
849
2037
40458
2997
40446
2250
40453
527
3470
40450
40456
40460
2124
3502
40465
40455
44138
44171
2029
44136
44139
17412
2064
44176
44162
44160
44163
27815
44177
44168
18789
44143
17444
44134
41795
44141
44148
44158
2246
44149
44137
44166
5610
44145
44172
44135
44155
3461
41811
44175
26778
44167
44153
4858
20021
44157
44150
44165
44140
44147
464
2008
2255
2021
63702
2241
22130
7732
26909
4028
59282
1369
2903
29626
7649
63696
63695
3491
1764
2173
30087
19017
64987
65016
2121
29609
64991
55801
64988
2279
64990
65005
65011
2249
65013
2314
65009
469
65006
64986
65019
1406
67627
67618
67637
67629
67624
2353
67619
67616
4680
67620
67628
