16771
0
540
16739
4383
3466
6324
506
16787
16775
16765
16743
16801
16764
16737
16733
16812
2009
2067
16800
4818
526
2157
3527
16792
16790
3471
16784
2027
2013
16785
16832
16786
7491
16796
2243
16755
2074
4717
16856
16745
4417
16758
16799
13518
16778
3469
16759
2077
16761
1275
472
16754
16840
37648
6236
6302
37638
6251
27365
6273
31122
3516
40450
2250
4822
40455
9929
18098
40461
40465
2291
2124
28205
22122
2246
2064
44156
2279
850
3549
45762
4701
19024
3518
4715
3497
4846
26152
701
26068
51630
6317
2355
19009
430
19008
67621
65019
4903
67633
67618
67617
67627
1332
