16773
0
16785
16786
16793
16800
16798
16739
3538
16804
16829
16836
16742
4870
16816
16852
16755
16772
2074
1414
3466
16754
3537
16802
6324
16805
16784
2067
16744
16832
16809
472
540
16826
3511
16863
16766
2157
4692
16806
2027
7491
506
16782
16734
2013
16737
4383
2009
16753
16764
16761
16801
1275
16743
16796
16733
16787
16797
16840
2082
16791
16752
4899
2023
3527
16775
16736
16759
3469
4703
44147
44153
4680
40458
4903
4701
44141
2070
67621
3518
40465
67620
44150
2246
464
2124
20021
2008
2127
4446
2241
1374
4858
