16782
0
2077
16801
6324
6318
3471
4417
16799
16745
526
1274
4719
2009
7491
2243
3489
3466
16800
3490
16749
16755
16789
16763
2013
2361
2301
4429
2953
8258
19962
10810
19966
2914
6278
19941
10743
19960
19974
10805
19984
7443
2309
19973
6304
4859
4669
19955
4407
10772
19965
19978
10799
19976
518
19963
8260
19954
19987
7646
19982
7416
1336
3556
3500
2038
3459
3515
25051
839
3503
2256
4394
2987
24456
3531
24954
19020
24965
18818
2302
3482
3513
15880
12093
20052
12293
713
12957
27364
2291
7417
27379
15885
10808
27360
26143
7464
1658
2242
3516
12637
2246
3526
2899
21343
2960
21331
12097
850
39145
828
21396
20059
24455
21274
27922
15924
21264
15888
7979
2936
47965
7838
27290
831
822
7964
14592
701
47953
20056
47961
27302
68118
68117
38390
68135
20718
528
3034
70061
26338
20688
70078
70081
10767
499
20766
20685
21356
2310
20061
27320
70077
20725
43969
20047
454
70062
26291
21309
21297
43928
20773
