16800
0
2157
3490
472
3489
16862
3466
2074
16749
16759
2067
7491
2009
16789
4818
16799
16782
4870
16819
16750
16739
16755
16801
6324
526
3511
2361
3469
16856
16763
4719
16790
4717
2077
16771
3471
2013
16825
2027
16816
16840
2301
4658
19283
25010
518
3531
3464
2309
4394
3482
3485
2987
2256
3500
3513
826
3493
4879
24988
3556
2302
3515
39741
32940
39724
39731
2225
39755
8419
39725
27306
39760
39756
18948
18103
2127
18098
40469
527
40458
15938
9929
3502
499
3516
4693
18125
12785
2291
31122
43974
3535
6238
6252
3521
2242
27296
3505
6317
4407
44011
2914
6264
3481
7687
7646
43975
43977
43970
27972
2297
43979
8044
7686
6316
3907
51633
51646
51641
51661
31136
10341
3507
51653
802
44156
51629
18112
1303
70105
34758
7678
70101
57092
13688
24687
34830
4707
13565
712
19899
70120
57126
26137
