16839
0
3511
4719
16755
2009
3466
16801
2361
16762
526
4417
10772
19963
19958
19949
518
7405
19941
8260
19952
2306
7678
19939
19984
1836
19962
19960
7480
19954
7443
4669
19982
19937
7646
4859
19969
19942
19971
19994
19944
19986
19979
19938
19975
10799
2309
19936
7642
4429
19951
19948
4407
19968
10833
19961
1841
10743
6317
10911
19974
19965
22067
1374
10767
2256
22083
20015
2038
4404
2908
2291
2302
499
4662
18805
4913
1807
27278
27288
27302
18171
27298
27305
528
2950
18205
27279
1803
27297
27292
27280
27326
27307
27324
38424
38425
38394
1744
26775
4386
3406
38389
38392
38388
38390
34007
20061
34111
38405
2936
454
38398
7419
45967
41998
34070
46000
7398
45991
45984
2022
10892
30085
6237
41968
30390
45996
4394
14345
1658
216
2913
1606
34629
2037
2904
2900
1369
7463
2903
4694
2225
1030
25203
826
60937
4677
2912
