1683
6
1684
1697
1705
1685
1747
1813
1759
1805
1768
1762
1825
1742
1748
1835
1703
1710
1717
1817
1765
1808
1612
1832
1707
1692
1798
1716
1713
1745
1792
1804
1737
1724
1771
1778
1764
1811
1752
1786
1746
1784
1740
1738
1681
1803
1695
1831
1701
1686
1718
1815
1788
1721
1749
1826
1793
1814
1787
1726
1770
1725
1723
1712
1694
1807
1709
1731
1741
1730
1708
578
1733
1688
1689
1785
1739
1691
1827
1767
1704
1779
1797
1772
1774
1687
1719
1734
1696
1830
1818
1796
1773
1810
1839
1790
1732
1699
1702
1776
1799
1693
