1699
3
1777
1712
1750
1726
1741
1710
1717
1690
1716
1729
1789
1804
1715
1767
1704
1711
1703
1705
1725
1815
1788
1735
1745
1790
1783
1817
1776
1748
1684
1809
1739
1740
1733
1763
1779
1774
1686
1747
1691
1787
1727
1700
1709
1770
1799
1734
1742
1766
1755
1805
1762
1689
1757
1683
1707
1751
1731
1708
1697
1693
1694
1802
1825
1687
1698
1772
1685
1714
1765
1713
1612
1792
1746
1793
1737
1736
1818
1681
1728
1730
1778
1810
1723
1688
21734
21722
21790
21803
21761
21726
21677
21672
21753
21694
21736
21794
21687
21751
21716
21725
21676
21807
21792
21837
21686
21695
21699
21741
21673
21683
21781
21788
21767
21789
3626
21723
21678
21801
21748
21806
21805
21776
21680
21774
21759
10415
21740
21833
21737
3667
21731
1663
21771
21810
21823
21679
21840
21685
21849
21798
21682
21752
21727
21766
21729
21818
21762
21785
21855
21811
28342
28413
28350
18620
44327
28130
44329
44296
44320
41554
17094
44328
44331
44312
