17086
0
17087
14220
8107
17100
17118
4578
20524
10383
1641
43191
7953
216
21926
5290
22249
18313
11641
6624
7712
17231
51546
12866
51540
37469
53127
53143
53125
34348
53126
53153
30817
53209
13690
49762
53116
53122
49683
38903
53026
49606
53204
53115
53219
53147
53162
49752
53165
53182
40615
53171
35883
53166
53197
53117
53178
53134
22280
53129
53114
53158
53135
49695
3934
36204
53139
40590
53194
22386
49634
53141
856
53201
53210
49708
53154
53138
53118
49659
53009
62249
8991
12205
1127
30119
4573
17431
24243
26511
36087
40116
55585
18080
12782
5320
9387
3686
9436
72874
16464
3879
51873
35876
19197
72867
72858
3568
36683
14224
72876
3880
733
9432
60212
72872
14738
66114
12775
62040
24332
27019
