17105
0
1792
1776
6719
17097
17129
17142
4728
17111
17112
17094
1768
4658
4578
17121
1739
14395
1172
17115
14220
17134
17095
17113
7270
17100
3496
1759
8107
1685
1719
17124
17086
701
1676
17118
4582
17120
1787
1803
17128
14722
1767
17101
17144
17110
243
17096
1745
17149
17126
17119
1764
17125
19966
27300
11440
18205
27289
7642
1742
730
26567
27335
27305
27315
2038
1062
3936
679
5360
4697
10358
1735
43131
1818
3905
1563
43088
18891
26158
1762
12210
24271
15762
4734
1606
1815
662
43135
21789
5243
1807
43119
7666
36194
43113
1578
712
43111
4729
10893
8363
29712
4028
1641
12786
1336
19860
1804
43147
809
43096
3880
43115
653
1687
43130
21691
1709
8369
12199
9030
43126
1737
43090
7228
2987
43100
14759
713
10229
31242
1723
18916
1612
4339
36420
1374
2927
43129
2930
856
1115
2971
855
19923
3066
2291
3087
10918
43144
3967
714
1839
43133
1748
3617
43123
18321
30814
29720
43092
14643
43097
