17131
0
6719
17135
17092
14722
4658
4728
4578
17093
1767
17115
16270
8107
17108
7270
14220
1776
17145
1764
701
17098
17123
20458
5298
20856
20869
10903
20873
20858
7943
20888
802
20860
9633
20709
4809
20859
18910
20835
8026
10942
20861
20853
16388
3941
11658
20889
18901
20927
20878
20855
20884
1142
18891
20845
20885
2987
831
20886
20867
18889
20841
14376
20866
18908
18916
20879
20894
20938
18890
20843
12785
15762
28052
10934
30316
18905
21912
30361
30330
30369
10911
10948
4738
28100
28062
7257
52476
20450
52502
20738
60174
7712
3905
60190
12665
60188
60249
40622
713
5290
60247
60183
60271
35883
3880
4734
63241
41249
3936
6624
1336
822
40665
