1719
0
1749
1712
1747
1787
1790
1689
1792
1789
1815
1718
1752
1685
1733
1736
1726
1700
1702
1731
1788
1684
1739
1710
1768
1694
1772
1693
1756
1805
1725
1784
1714
1776
1711
1814
701
17100
8107
14220
17142
17093
4582
17086
4578
17118
17119
1172
17120
17121
21775
21801
21812
21783
21739
3667
21672
21674
21747
21719
21743
21721
21839
21787
21673
21700
21692
21731
21726
21810
21679
21767
20921
21684
40580
1563
17587
40590
21926
34283
8419
831
8378
20910
40609
40612
822
7946
40583
14770
2256
24459
40572
40571
40632
24328
18313
6755
15762
12810
12786
40569
713
14710
40662
1062
19860
52561
52559
52571
28972
52567
52555
52568
52614
52579
52547
22918
52528
52612
52589
7991
52600
28965
49818
3681
22943
52595
52551
18139
52581
52548
52563
26974
52599
41169
52643
52570
