1721
14
1811
1836
1724
1841
1781
1720
1834
1821
1798
1738
1824
1842
1829
7405
7426
7420
7483
3545
7472
7422
7439
7449
7403
4700
505
7445
7409
7392
7447
7395
7721
7674
7687
7646
7700
7645
7695
7644
27983
12520
27926
27959
27947
27960
2944
27973
27925
27962
8128
27976
5677
19982
27995
27970
454
2022
38405
45990
19965
4654
26775
4394
26287
45967
38388
45997
27296
2914
19966
30374
4429
43924
45986
41388
1028
46004
18926
53193
2217
53216
30386
55368
55418
55435
4407
55447
10772
45691
55379
55437
55367
3470
20062
463
3535
3490
3464
527
26944
66054
31517
10763
45717
66046
10902
1029
10900
