1722
0
1723
1823
1840
1807
1720
1695
1803
1839
1836
8080
7422
2927
10750
7464
7695
5762
2038
7678
7964
7493
2944
7690
6303
20052
27986
27961
27930
2324
2291
7733
27952
12965
7395
28005
14656
803
38165
2037
5644
38156
7642
38149
3877
2908
1374
2328
12306
2903
7649
7474
24361
2900
2145
38167
14080
6304
7867
38164
4049
7732
38144
7416
9166
45721
7469
45741
26955
9197
10789
11762
7403
36227
10759
26559
45700
45704
45702
45694
7483
4669
9135
10764
7454
10746
27299
45692
45713
39145
7409
2070
26414
3491
7710
10803
10911
3490
13601
10892
58887
34069
4859
7442
5589
7417
26023
4431
7432
4700
68910
24189
68920
6252
7459
540
34126
12959
4662
4394
41127
861
