1724
2
1685
1683
1722
1829
1720
1781
1745
1803
1833
1725
1744
1738
1696
1764
1811
1824
1841
1807
1840
1721
1806
1849
1836
1823
27961
12520
27950
2291
7464
7668
27972
7896
19982
2944
7690
7964
7493
27947
2324
7395
10750
7695
27971
7647
7441
27995
5762
7733
12965
8258
19951
27987
2038
27959
19961
38405
19979
19954
45966
6252
41281
46013
38388
18805
4654
26775
16839
4873
4404
41968
2914
4859
41998
46004
43924
30085
454
540
20015
30374
7439
46002
3527
27296
16762
4913
34233
45991
6278
45977
2012
7449
45979
3545
6237
27279
3548
2953
46036
7646
45984
46000
7398
30390
43969
45995
16788
18171
24413
43096
2022
41388
526
2107
45967
19939
26900
22059
46001
16768
4429
19965
46011
46018
2936
46029
19937
12591
19966
4394
4417
34007
55368
20061
7430
55447
7654
4407
505
10808
10772
19955
34069
55418
4700
55367
55460
18818
10821
7458
61142
61138
1619
19971
61137
4687
53193
4677
8292
7867
16295
499
61149
56335
4672
2049
27302
10799
21316
13522
66265
46106
66292
34771
26141
20059
2234
66301
20688
66269
1369
27290
2320
66294
13505
2302
24440
5243
2225
2013
4694
41072
2023
461
2026
518
2242
3541
3490
12306
3471
3516
2934
463
71816
71820
527
10743
41127
840
608
7403
71840
30126
71804
19941
7405
2964
71807
7426
71817
71819
52819
71845
34064
26944
