17269
0
2313
17246
4091
161
17278
12706
84
4108
4155
4143
932
92
4105
17273
17313
68
4249
17267
4147
7615
17369
17342
17241
17288
17257
9762
894
69
17310
17296
75
17261
17274
77
12689
4233
1303
17299
13400
9403
2598
17356
9389
17336
17282
9
4163
17322
17316
17243
17323
17332
17280
85
17347
4164
17305
9804
9753
17302
12705
12734
17320
17345
930
12684
99
129
17255
17376
17303
4158
2248
17300
17245
17275
28
4320
17266
12690
4357
9374
17263
4292
79
4103
6887
944
918
4152
5172
14172
6902
4072
4150
912
927
9385
4121
901
89
919
6930
25104
20108
983
144
4096
34
30007
13412
4
29955
9772
29989
29988
29996
29982
4142
30026
