17273
0
12699
17316
12698
17267
13400
17259
12712
17337
4158
12706
17241
9
17275
17311
5057
4147
17269
3120
17244
17292
28
17309
9636
2248
129
13442
932
4105
12689
14180
5086
13396
12690
5050
17345
4091
85
4163
17250
92
9389
161
16990
4164
4155
17287
4320
17294
894
9762
17313
17253
4357
77
6477
5049
17344
17242
12713
4233
17245
17280
84
17288
162
17266
9629
17364
9374
4249
17299
17369
12691
17365
2313
17354
17278
4313
4299
4108
17261
930
2382
17263
75
4292
17282
17302
17328
1303
17357
7615
17327
99
17347
