1737
12
1728
1750
1766
1776
1756
1789
1779
1762
1692
1733
1747
1687
1699
1817
1802
1746
1748
1814
1804
1752
1759
1690
1705
1718
1715
1688
1757
1739
1839
1786
1713
1768
1703
1799
1730
1700
1751
1685
1710
1745
1803
1736
1711
1740
1791
1714
1788
1717
1787
1691
1735
1772
1801
1689
1818
1792
1708
1749
1790
1716
1712
1719
1805
1755
1726
1725
1697
1702
1793
1612
1731
1707
1686
1741
1694
1815
1684
1763
1825
1742
1777
1767
1704
1810
43133
3617
4729
4578
713
43090
43126
3936
6719
17118
4028
7270
43123
4734
17105
14722
4658
36420
15762
43129
