17403
0
7881
849
3898
16461
7848
17429
17424
17418
17400
17385
17438
16435
17394
7844
4852
17384
17387
17386
17391
17476
17393
17432
17390
2174
17416
17446
5283
10734
17380
17396
17419
17381
17407
17420
8215
17496
17379
3433
17440
5610
17425
17389
464
17392
17402
17423
532
16433
17471
17459
17449
17433
17437
17401
17409
5596
17461
17408
17478
2333
55786
29603
70322
5580
2008
3461
4860
3088
55833
70327
18815
55799
5603
433
4859
2322
10974
70315
5629
485
2070
2038
70331
635
25648
70354
1317
11275
7853
7876
19076
4900
2900
71465
71483
4892
2997
2296
7965
35786
4383
18798
7257
18787
46148
71451
589
2049
71457
2324
3434
4845
5614
2291
