17417
0
17418
17429
17438
3361
16760
17482
16445
17449
7881
17408
17446
17459
17416
5596
7859
16435
3899
464
17464
3433
17389
4852
17383
17401
17396
17423
17384
17493
17399
17381
17424
17400
17483
17392
17385
3389
17432
499
17379
15155
3335
26602
17854
17848
4368
3388
16482
26615
2260
3307
7834
2291
2049
26594
26595
3372
4421
16513
1402
10931
27796
27802
8868
27791
2280
3296
27821
2068
2074
2038
1030
27819
25648
27408
27809
27818
27836
27863
27820
27864
27789
27866
16781
27839
3336
27407
27786
24221
2009
2062
27859
27815
27876
27847
27843
27883
3397
15489
2254
4419
1382
635
17842
2021
2026
1383
2224
27862
27849
27794
27840
2028
36785
19065
36780
36795
36783
15175
36824
36802
36817
29593
36774
36777
36789
2327
25643
3360
3319
25661
32946
19042
36792
36778
25627
10908
36811
34066
2344
36787
25637
3366
36834
3410
25640
36803
2281
25632
3322
60813
4376
25624
15449
2333
60814
4406
4453
60817
25623
25620
25649
60953
4415
2064
4870
26724
3471
30084
29609
2013
44176
4422
2124
2067
3423
47208
2279
1386
3337
44141
2018
2023
44153
2250
2027
2241
4903
14658
24269
