17424
0
17411
17436
17461
17416
17395
17438
17390
17400
17446
17429
17394
17408
7844
17417
17441
17447
9005
17442
16433
499
17380
4852
17401
17433
17379
17465
17458
16435
17478
17428
17427
17403
2996
17445
464
17420
7848
8319
17499
17437
17382
17407
17381
17504
17412
17432
17391
17477
17415
17472
7836
17385
17500
7966
17378
3389
17383
17496
17389
17448
17386
17476
17422
17426
17402
3433
17443
849
17384
17404
17440
17425
17409
17396
17397
17452
17387
17388
17485
17423
17444
17464
17459
17462
16445
17392
17419
17399
5596
17410
17435
17502
17418
532
26594
531
1402
19076
2260
15829
26595
7834
17855
15155
15479
16417
3307
27420
27414
27407
635
3421
27408
3314
1024
3319
36795
27786
2062
29593
36774
3366
36786
3336
25659
29590
3315
36777
25648
11899
10908
36772
36787
1030
55788
29603
55791
47208
55812
55833
2333
3340
35366
15460
27790
55813
2038
51113
3358
19040
2224
55842
55860
55801
55786
31723
55799
4422
55787
24221
27796
55820
66950
2353
2121
3894
66932
16418
66926
875
5581
7853
11275
21367
2225
70331
1317
4366
14664
4434
70349
25203
4825
1369
4859
70315
2026
46117
70353
70328
25234
36607
3536
7860
35825
3934
2021
433
7953
29579
1679
2070
2322
