1742
0
1682
1762
1802
1778
1784
1803
1699
1752
1750
1794
1837
1731
1825
1737
1757
1814
1790
1688
1702
1740
1763
1799
1815
1713
1692
1749
1792
1787
1703
1805
1691
1709
1745
1612
1768
1717
1690
1689
1767
1733
1686
1708
1817
1748
1739
1681
1715
1719
1756
1705
21688
21769
21673
21744
21695
1663
21767
21740
21727
21672
21700
21840
21693
21752
21743
21785
21683
21716
21823
21801
21818
21736
21757
20921
21806
21722
3667
21803
21734
21780
21677
21690
21851
21789
21699
21755
27294
27289
17105
27329
27293
27319
27328
27315
28031
28086
28110
20873
8088
28030
28072
20845
30536
30541
30579
30575
18891
30531
30646
30574
6802
43901
12841
25003
50128
50139
3642
30364
21921
30369
52501
49818
4578
31178
41169
52543
52573
52551
28965
25048
22347
52574
52606
52579
22918
3668
4063
52570
52528
52605
9191
59650
