17435
0
17441
17412
17485
17396
17394
3433
17428
17407
17384
17427
17459
17393
17438
17477
532
17391
17447
17420
17432
5596
3389
17452
17400
17423
17385
17380
16445
16433
17424
17389
17401
17436
17382
17461
17386
17437
17444
17422
17442
17419
17417
7881
16435
17379
2174
17483
17408
17399
17415
17390
17381
17418
4852
17402
17395
17443
17425
17445
17458
17429
17388
17421
17464
17460
17448
27809
16456
1030
27868
1024
2130
8864
27849
27407
27840
635
27872
27819
2068
19076
27408
27862
27842
27855
7834
1374
3336
16781
1362
469
27821
1402
27836
27787
27789
17842
8868
27797
27790
10706
2009
27803
24221
27794
2038
27414
24205
27848
27808
27861
2062
4420
25648
27796
27793
8861
1430
27843
2121
1415
27786
24212
3461
18833
1376
2118
30058
5614
26594
4654
4846
2012
2027
30074
2246
31723
55890
55801
55833
36786
29603
51099
55787
55812
55819
55798
55842
55791
16532
55813
50791
55788
51113
55786
55799
47208
