17442
0
16435
17402
17418
532
7848
3433
17396
17479
17400
17435
17410
17395
17394
17384
17393
17391
17464
17390
464
17381
17424
2174
17438
17429
17392
17379
17386
16445
17445
17389
17461
17493
17408
5596
17432
16433
17415
17416
27821
27408
16431
8864
19076
1402
3314
27786
27850
4420
24212
27842
27864
16456
27840
27836
27809
27888
27414
25648
27796
24205
16493
1374
27803
27790
27819
27787
635
2121
27797
24221
27843
7834
5585
8868
27407
16781
29601
24223
24213
29576
26594
29603
29623
7861
26582
7858
1373
2333
55788
51113
47208
55786
55812
55799
55801
55833
55791
31723
