17464
0
17401
17379
17459
17400
17384
7848
16435
17423
17440
17391
17435
17414
17424
17399
17442
17410
17446
17408
7966
17479
17418
17482
5596
17461
17429
17416
17392
17390
499
532
17415
17432
17426
17452
17402
17389
464
17458
3433
17393
4852
17385
17381
16433
17460
16445
17396
17417
17419
7881
2174
17421
17395
849
17468
24223
2927
24280
4444
1402
24212
4687
9225
24289
24213
24284
1362
24221
24235
2121
15829
2029
1439
16781
24269
1376
8868
1257
17842
26773
4452
20169
16493
7834
51100
2051
55337
55339
20203
