17560
0
17561
14395
17589
3905
4734
2917
17568
17628
17590
12804
17575
17581
1578
1187
10795
7975
17100
12665
3934
7966
17576
6624
17539
17570
17607
16464
17553
14378
14786
17618
17540
17602
7958
17596
17533
17546
3967
17583
17598
17612
17534
17542
17611
12717
216
7093
3898
8369
901
3899
20238
20252
1608
2493
10957
4680
20277
732
15741
6182
2979
20313
5327
6523
20325
3593
7883
22782
17066
12707
5275
5272
6441
3160
27514
3183
4271
6423
44300
5691
17124
20888
44330
5314
20849
18891
44296
22748
4658
14376
17825
38908
44340
15610
47727
16046
24004
10893
47630
21484
47743
47715
47725
24122
24243
28687
7830
47750
47690
47735
2517
9432
13417
47631
47698
41923
9410
22396
34442
4808
24116
3254
47665
43949
9524
31786
47641
17011
5333
18080
834
8931
41823
48241
6431
17474
3958
3989
12854
9397
3907
3923
50733
34506
3496
43191
3977
16990
28795
50763
42773
14712
14722
24326
12792
32035
1764
1275
22457
713
2906
9634
37604
50734
39869
14759
50735
50767
10138
17463
3088
7270
9219
17118
16664
4028
26872
50737
2987
4483
8004
3600
12760
16409
14224
14741
10939
50747
5336
34590
3938
50753
50772
10157
28936
13340
2971
13518
17374
28677
16967
3568
3880
11641
6008
50754
3949
7992
26867
12785
50758
2923
556
809
1115
18104
1563
2049
2927
9633
8017
2969
1303
2598
28676
22746
64957
64976
28669
14783
8393
18587
1759
5311
22904
14588
12987
64962
13304
64953
12773
16940
64972
30304
15056
12793
14999
71269
