17612
4
17570
17550
1578
6624
10795
17583
8149
17568
17589
17644
3934
3967
17579
17582
10718
17573
17539
17611
7966
17571
17590
3905
17560
17605
14395
17635
7958
17545
14378
17618
7975
1187
17556
17626
17542
17587
17100
17607
17543
17649
16464
5329
3977
28831
14754
1275
28795
14722
9003
3600
9005
28926
5294
10252
28936
1764
5955
3938
8029
28718
3244
10138
713
15457
3088
7965
51589
4658
1038
701
7257
851
216
12773
14411
1182
5844
51572
8341
1641
20487
7953
12785
2987
44031
2689
9030
9892
7994
28686
7712
10358
3894
43187
7270
12786
3186
51600
10939
679
51562
54202
54226
15003
10918
4686
2997
54249
3899
856
54239
13602
3914
2969
20873
1807
3957
12792
12344
8340
1562
3936
68205
1563
19225
5841
5847
8377
2996
10835
75910
