17657
0
7994
17668
17674
1627
17660
17751
17665
17717
17754
17692
17761
10619
17671
17737
17738
17676
17708
17695
17664
10646
1617
10651
1639
17799
17689
1615
17678
10638
10626
17794
17758
17704
17798
17679
1643
17768
1608
17725
17699
17677
17780
17706
17669
17743
1628
17662
17666
17681
17735
17697
17746
12076
17683
17771
10632
1669
1653
1626
17696
17748
17767
17710
17720
10618
17719
17701
17788
17766
17792
10630
17670
17718
17776
17763
17728
17690
17659
1631
17680
17694
17778
10655
17661
1659
17716
17682
10605
10627
10606
17723
17752
17727
17702
17760
17673
17700
17805
17709
10621
17715
17824
17688
1616
17777
17658
1637
17764
17675
17772
17736
17698
17672
17789
17726
1630
17787
17734
1610
17663
