17679
0
17680
17657
17659
10621
17702
17738
17731
17673
10632
17665
17727
1615
17670
1610
17765
17794
712
17759
17672
17698
17661
17748
17730
17676
1616
17693
17682
17747
17706
10626
10605
17717
17695
17760
1643
12529
17666
10627
1628
17675
10638
17792
17678
17669
10619
17667
17788
1637
17704
17761
17688
17700
10618
17736
17723
1669
17716
17697
17793
17705
17752
17692
17762
17662
1627
1659
17707
17780
17708
1617
17690
17671
1608
17763
17776
17789
1631
17701
17754
17664
17758
17720
17733
17815
17674
17709
10630
17696
17689
1626
17734
10651
17660
17787
17712
17668
17838
17737
17683
1630
17681
17746
