1767
12
1768
1737
1742
1759
1694
1790
1681
1688
1730
1712
1708
1693
1814
1710
1810
1716
1689
1752
1778
1837
1826
1764
1719
1713
1735
1799
1792
1711
1733
1788
1740
1779
1776
1690
1763
1731
1777
1755
1749
1687
1734
1756
1682
1802
1757
1745
1723
1697
1739
17110
4578
6719
17101
17115
17093
17096
17131
701
17118
16270
4658
17094
17145
14722
17135
7270
17126
8107
3496
17095
17124
4728
1676
20845
2987
20868
20859
7838
714
7710
20836
12785
7675
10903
11637
12671
4809
14162
18891
18910
20458
1606
20869
12786
13283
15457
20834
18890
4000
18889
18916
14760
20847
20709
18692
28479
33230
12877
7979
2009
13602
4725
26559
33229
33242
4734
8378
15741
2049
33231
4697
33246
4063
33247
7269
18177
7649
2927
8363
4714
36420
43120
4339
12210
3905
3880
712
36194
43092
43119
10358
855
7666
653
5243
3617
856
809
10918
713
18321
21691
43100
14759
3967
43133
19860
2971
46401
46450
46417
18907
46390
