17683
0
10621
17698
17739
17764
17670
17660
17663
17690
10605
10606
10626
17716
17760
17699
10646
17661
17657
17754
1672
10618
17761
17738
17689
17717
17664
17777
1632
17783
17672
17704
17727
17665
1626
17695
17775
17682
17673
17710
17709
17693
17678
17787
17740
17772
17771
1630
1615
1610
1627
17752
17681
17675
17671
1669
17723
17735
17676
17708
10651
17696
17702
17766
17789
17751
17763
1608
1639
17780
1643
17700
17697
1631
17688
10638
10619
10630
1637
17669
17736
17762
1617
17725
17711
17748
17706
17666
10627
17776
17720
17705
17679
17662
17701
17694
17668
17707
17659
10655
17692
1628
10632
