17698
0
1643
17704
17737
17701
17775
1617
10646
17734
2324
10630
17762
1639
17804
17791
17693
10605
17673
10655
17772
1669
17771
10626
17748
17715
17723
10619
1627
17676
17675
17661
17702
17780
17769
17716
2996
10606
15457
17711
17683
1616
17770
17761
1626
17662
17657
1658
17671
1637
17736
1628
1631
17752
17695
17681
1675
10618
17679
17792
17754
17738
17659
1630
17789
1615
1659
10638
17666
10651
10621
17710
17802
17672
17717
10627
10632
17697
1610
17700
17670
17812
17777
17699
1608
17725
17668
17660
17692
