1778
0
1779
1748
1803
1809
1707
1731
1714
1787
1709
1704
1749
1733
1768
1710
1786
1689
1716
1825
1747
1791
1713
1726
1741
1578
1690
1682
1735
1699
1759
1772
1698
1685
1757
1703
1776
1739
1612
1810
1336
1745
1719
1742
1755
1792
1727
1684
1692
1691
1740
1717
1681
1705
1734
1804
1723
1761
1730
1715
1764
1767
1752
1762
33247
7979
4725
23948
7675
33229
33210
7689
33201
18709
26559
4658
33227
20052
33243
30374
33255
33221
20458
33230
19982
8107
33189
18891
33231
2037
33237
20882
7710
33219
18910
2964
25302
20926
15882
33194
4697
4677
4694
51315
