17918
2
17919
17921
8080
861
17928
17887
3525
1030
17885
17886
3575
13654
3588
17926
17890
17896
13698
1374
17911
17905
17930
10734
17936
17933
17927
17889
18459
13625
18457
18471
18460
4935
18458
18462
8464
13601
6693
18469
18464
18163
13721
13692
8117
13641
18465
18466
18473
18461
3487
11275
2049
20026
4850
10974
19289
6318
20011
787
7459
4845
4846
4903
2324
430
20037
18090
4830
4912
4894
25679
22101
4696
13705
25680
25693
2322
4824
25701
2904
13640
25702
7416
36868
36922
54537
54536
54509
2903
54508
4680
36905
54528
36874
6617
54524
36881
54534
54547
834
58419
4709
13595
10815
58434
13684
4707
58406
13609
4717
13635
13675
58430
4926
13666
13674
4879
58400
58463
58408
4666
4664
58423
58398
58431
58420
2246
58421
33199
59734
59740
59772
59749
216
59735
59727
12854
2969
59780
59720
59818
50953
2291
11807
6303
62382
62374
4662
13639
54214
65626
13701
65618
13697
19379
65632
65629
65639
4885
4917
65640
4703
57499
65636
3501
