17928
0
3575
3588
17915
17886
17921
17887
4694
861
1374
17926
17927
17889
17911
17935
13698
17890
13654
17885
2908
17930
17922
17933
17896
17918
17919
10734
17936
17905
3525
8080
36881
36868
36865
22185
36911
36874
18457
36905
18466
36864
36922
36950
6617
25701
58431
4879
4666
58410
58399
13591
58463
13705
13641
18469
58459
58434
13595
6693
13675
4655
18461
4664
13609
7471
10815
13640
13674
8464
430
4709
58420
4717
4707
42580
58398
13590
58423
4659
13635
4935
58408
13684
40837
4680
25679
6244
3478
4654
3470
2064
3461
5644
12707
13625
18458
65629
65618
65650
18465
2049
3336
50953
65615
59727
4917
65619
13697
65639
19379
54214
65622
59720
13601
13644
65640
65632
13709
3487
65613
13701
3501
2324
39602
65626
4703
13633
4677
13639
