17963
0
17962
4694
63015
63043
63060
63091
63168
63032
63073
63105
63010
63042
63078
63125
63059
63050
63082
63156
63159
63011
63048
28181
63194
63023
63019
63070
63055
63083
63122
63143
63031
63092
63145
63038
63034
63191
63028
63098
63169
63137
63135
63045
63039
63176
63121
63149
28218
28188
63071
13348
63089
63044
63013
63096
63164
63109
63211
63064
28224
63132
63136
63097
63152
63114
63057
63161
63037
63049
63076
63106
2026
63052
63166
63115
63104
63142
63069
63014
63130
63128
63212
63116
2049
63030
63175
63079
63123
63158
63016
63163
63100
63146
63118
63160
63025
63088
28221
63046
63047
63167
63087
28179
63124
63202
63103
2038
