18090
3
4666
4903
13567
18095
4822
4964
18097
13625
18101
4815
3469
2254
4846
4823
787
4844
4930
11275
18094
4717
4722
18098
3490
4879
4912
18091
13635
4383
13595
18093
4911
4818
4855
6687
4963
2027
2301
4868
5603
6312
20054
4902
4842
2013
20068
2008
4859
4829
2024
17885
18783
2309
20018
4860
430
4850
3525
2324
3539
19289
20060
3336
17918
4693
3542
20005
20045
3502
6318
3448
3395
4871
3461
5623
472
10911
4830
12097
2009
10808
2279
20058
17896
18466
485
4374
13705
4883
25703
13579
4696
2322
4935
4715
22120
6693
17887
3478
2074
543
13590
4703
4664
4440
13609
49584
19883
13587
4366
2255
4742
