18095
0
4383
18101
4930
13595
4818
4815
4717
6687
4903
13635
2254
4722
4823
4911
18097
4654
4879
13567
3469
13625
4844
4964
4822
4963
4846
18098
4912
18090
18093
18091
2008
2301
4693
6262
20030
2049
3336
3542
10911
17918
6318
20060
3525
4850
3502
20027
19289
430
472
18783
2023
2124
4829
3539
20068
17885
4929
20005
2324
20054
4902
4896
2009
4377
20007
4696
42699
4664
42666
42726
4927
216
543
2074
4440
4824
13590
26913
3468
4715
7429
4703
3478
13587
49584
50945
2689
13705
10815
4718
2291
4672
4687
19007
4662
3555
17896
2997
1656
2908
33199
25703
7860
22081
24469
