18115
4
4717
13625
13567
8396
4666
4930
18098
13595
4879
13635
4755
430
13575
6296
57503
13639
4664
39841
4773
13600
4710
57499
13638
13653
13677
57535
10815
57536
57513
13663
13700
57496
13582
37490
57557
19304
13578
57510
13605
57498
13681
57520
57542
57519
57497
39847
13679
4655
19898
39818
13664
38252
13632
39837
13570
10341
19904
50306
4703
57559
57556
13584
57528
57531
19883
13694
57545
57504
19357
13568
39833
57526
39810
13590
13685
13619
19355
13609
22193
7974
19282
13676
4667
13574
19326
39840
13588
13580
19903
39809
57507
4707
57500
13587
38267
38248
57511
57532
56470
38246
13621
13597
38265
