18309
0
1067
18298
18327
18307
18321
18296
18304
18301
18315
12222
18305
18317
13851
18302
660
52234
15977
1049
12243
9088
15968
1072
10781
20516
20553
1191
9048
8301
12162
659
1052
52227
8994
20535
15245
15979
9093
15958
8386
9042
9050
52266
8385
52252
15967
8991
9004
8335
52228
8276
1051
9011
52256
9034
15981
52239
8999
1221
9008
9038
9012
12249
52235
62203
22973
53013
62228
62209
62229
43567
44397
62198
62205
30119
12205
10420
8993
62246
33799
62301
33820
62269
62275
20502
53030
54818
53040
62187
53029
22228
62196
62200
62286
62244
22239
43632
62264
