18322
0
18301
1067
18296
1172
12209
12222
7808
18305
18308
18302
733
31075
31083
842
31046
8258
31048
822
7678
7659
31081
803
31093
29709
31065
662
8110
1115
2960
7964
31247
712
1064
7783
27299
7979
31249
31237
31260
12181
1113
12306
31272
4658
2256
12785
659
2987
2309
34782
15350
9037
34845
1049
8335
8341
15248
661
8014
42312
7664
19941
42297
7668
7821
7658
713
42325
42307
13375
42304
42309
38152
42296
7681
42302
54074
8369
6719
701
5762
9008
10750
9050
12249
62470
62449
62452
62444
62455
62518
45707
62450
7396
33258
8353
62493
62465
62430
62436
62459
2225
62473
62447
62500
62451
36507
491
62448
