18510
0
7561
162
66
960
99
5132
7
92
85
91
6
137
77
898
936
954
25118
25113
908
901
4205
25124
25151
25093
25130
75
4204
11955
177
25119
906
25096
11941
25117
25120
25143
12701
25105
25154
25126
25112
25101
25153
25135
946
910
9
6928
25099
13446
4200
4162
4151
25097
6930
22037
5027
932
25152
25094
144
25129
129
25156
994
25142
69
894
4108
959
4121
4213
983
25160
25155
68
25147
25095
970
156
94
4212
39711
882
4195
169
24603
4264
39717
27535
39703
4148
907
7622
39713
39697
39701
7591
4085
13414
41
4170
5083
46595
7607
4194
4165
4187
46685
566
6910
46653
35176
46626
