18594
0
14645
14596
18746
18640
4049
18679
18615
18626
18677
18623
7438
18649
18596
28955
38169
38136
38143
36352
15892
2908
38146
24343
1374
38137
38138
31233
38154
6024
23948
8215
38161
5638
38183
38153
38166
43240
43239
43255
27971
26028
43241
43257
43248
43252
43244
43247
12830
3120
48696
48746
48748
48727
48723
48761
48717
45902
48753
387
48719
48775
48743
7510
41404
48754
48759
48699
31338
48715
48698
28959
48695
48733
48772
1641
48693
12238
19647
12841
48701
48732
11088
48770
28979
48762
28964
48724
48713
849
48700
28969
34880
48745
48747
7520
7488
51382
51387
51405
51390
51375
51393
9643
28986
30170
73051
8997
8017
657
13547
34985
