1870
0
1567
1954
1548
1899
1571
673
1875
698
1972
1965
693
696
687
1856
1536
1852
1858
723
672
1924
1882
1912
1874
1977
1942
710
652
1948
647
1853
726
1921
1862
1543
1938
1865
1920
1917
718
685
243
741
1851
1932
2857
2746
2849
2825
2794
2747
2714
2729
2759
2760
2884
2823
2880
2866
2805
1570
5241
1477
699
708
656
5210
3811
1574
665
664
716
1522
707
5249
651
1471
5235
674
677
1501
694
5213
1478
12113
1552
1476
1566
1454
700
678
12108
1559
19102
13830
12643
19104
21021
21015
31929
31927
13807
23197
24824
738
31923
32097
1555
663
13799
13784
1506
32080
1479
1486
32073
13773
13787
12900
13809
36272
688
736
727
10939
36288
13837
23142
12640
1489
36298
36259
740
37356
32221
37418
37355
37389
37403
24904
37360
37349
37394
1459
37338
37384
37354
37393
39471
39466
13847
45820
45800
13834
1641
34983
45859
12644
50198
50208
50193
50209
50190
50202
50191
50215
50195
50218
50205
50222
50207
50225
34869
50213
50192
50212
3440
24891
34249
53272
49103
13776
730
58515
58516
39042
58527
39039
58522
58550
58509
60535
60538
684
1565
5792
5832
12646
67816
67815
67829
67844
67819
67827
67813
67814
71211
72205
13840
