18787
0
4829
18797
4830
18824
15883
5614
5610
11287
18817
2324
4900
4836
18811
5602
3434
5580
4845
2222
2322
18800
18798
4878
5655
7836
18834
15898
18784
4880
2945
624
4892
18789
4693
1774
5603
18839
18813
4860
11275
5635
4881
485
5589
2306
5576
18783
4859
4945
18799
18819
18823
31593
15923
5617
5572
11279
31639
8017
25280
15920
5607
19778
31603
31628
15802
11621
11273
31622
31602
5699
15922
21010
71477
30374
35786
71451
71469
46148
71440
2049
2969
4383
7844
5575
62368
46092
71433
5567
41434
4752
31124
5571
2296
5573
15903
2291
71435
26787
71457
5606
499
70347
17403
71483
