18833
0
18789
2045
4880
4859
469
18780
2246
4715
3491
5610
2239
18809
485
5243
4949
5614
10722
2324
18810
4696
2009
464
2322
4398
2222
2033
1257
30067
20027
30055
22119
30054
2068
27822
27849
30072
2127
2094
10712
25707
10705
27802
2130
4368
22076
4703
27851
2118
543
2073
30057
17435
3461
2241
20041
27813
27841
30062
1382
2012
16739
4654
30071
26594
27856
30065
20176
461
38480
2302
11273
10716
2291
10706
38461
20191
38462
2055
38501
2255
2044
5650
2051
2034
10707
2104
27794
27407
38469
2131
2008
