19007
0
3471
2009
2243
2049
3478
10815
2013
3470
2124
6262
19262
13609
19304
19333
13569
4377
13597
6296
19302
19292
6244
6246
3336
6318
13644
10341
13587
19307
19280
19366
2280
19340
19284
19288
4742
13582
19332
4755
1030
27882
2254
27883
33498
4930
4664
4912
13595
4398
3525
3539
13639
33501
33481
15750
33483
33484
19886
18098
4879
33500
4717
4437
4374
5821
2067
4440
35484
13593
4703
4659
35448
39593
4383
4371
7459
20012
32251
26724
4412
38247
11921
4904
13589
25687
35370
32195
11839
45752
526
45772
4846
1656
13705
17896
9929
2255
58157
25681
27572
27428
58181
25690
38475
