19001
3
16794
19017
19029
16792
2074
2023
19022
3514
2301
3536
2049
16764
3511
3545
2124
16775
3502
19024
3549
19002
2243
3489
2009
2250
3462
19027
3491
19020
2013
2008
19011
839
19014
3471
3469
472
3466
19018
3478
540
850
12097
2047
16819
19003
21301
2256
10808
21280
21274
21265
21349
1764
21310
21357
21326
21331
21341
21412
21330
21351
12988
10745
16737
21283
21286
21314
21321
21272
7767
21317
21248
21287
2291
21256
7750
2302
21292
21364
21263
2900
21367
19984
21313
15924
817
21396
2927
21278
21304
21259
21355
813
21318
21320
12293
21251
21343
21249
19987
21345
21266
21269
21267
1369
21370
19954
21389
21250
21298
2246
44925
44920
44921
44924
10695
862
52853
52843
38402
52849
64609
64613
12086
10833
64608
64617
64610
16823
840
64616
16820
16758
12138
64615
