19018
0
19009
16764
3466
850
19003
2049
3491
19020
19001
3514
19007
19017
19011
19014
7257
19029
19002
4666
10815
16819
839
554
2243
12097
7710
3423
31586
1369
430
2241
4875
18796
4859
2900
499
3905
35788
4680
2291
2302
25203
5603
5623
485
2324
2997
2964
43379
39179
7423
4752
7675
7867
4777
39577
39599
45772
5821
2255
39600
35458
13644
39588
47134
4755
32195
47121
47122
47136
16776
4904
35439
2254
47139
27565
36614
4703
47164
4422
45752
19292
18116
20012
47142
39595
47166
47165
1030
4664
58142
65610
13569
58175
5578
65619
19280
39820
4753
13566
817
19886
58181
27432
8080
27431
4773
19254
58185
4926
13603
4960
13571
50953
30693
33512
19275
45755
57499
4710
6318
65613
65614
2493
13663
13618
45765
13590
13592
13656
16821
13678
65664
27430
13671
3336
19279
65625
13584
13612
27436
2927
65624
19301
39799
13633
49176
4731
4885
2246
20009
4879
13709
13668
65623
13650
19252
13636
13676
58157
