19257
0
19272
19352
19279
13656
13659
19292
13569
19305
19263
19267
19258
19277
13671
4377
19254
6318
19290
19289
19256
19336
13674
13678
19307
19293
19369
19269
19312
10815
3336
19310
7465
6246
13609
19283
16777
13644
19301
17896
3525
17887
2324
4935
25682
485
6693
2049
3936
4859
2254
6688
13705
17885
13640
594
4845
17918
14624
2322
4900
17930
430
25673
25687
4654
2037
5821
33512
2038
4703
11839
39802
16776
39796
13639
39798
2070
2241
4412
4879
4666
2224
39826
50413
50416
4896
27560
49581
1658
58135
45765
713
47164
38475
58145
58181
58201
22521
13010
3894
58138
49176
58215
58165
27428
3348
7836
3561
4960
58185
58182
5373
45753
58139
58157
58188
