19256
0
19257
16842
13674
10815
19313
19272
19352
19301
19283
19338
13650
13678
19349
19318
19269
13587
13659
16821
19254
19336
19307
19271
19263
19354
13671
19362
6318
4755
13644
19258
3293
19290
19278
19280
13656
19323
19267
19340
19347
19277
19310
19299
13569
16777
19292
19305
19253
3336
19351
4377
19300
6246
2070
4902
5821
39799
2241
4664
2254
39825
13603
2021
39853
3332
4870
16776
39845
18783
13639
39574
4903
39807
4666
39800
39826
13595
4703
39802
39820
39832
2038
4879
25687
4912
13612
58133
45752
58139
58186
2076
27431
20009
27436
47164
58175
58145
4960
58215
58163
13709
58138
58143
4896
58165
58181
27428
58185
58188
58141
713
13636
49176
49127
58157
58173
45765
58135
65623
817
50437
45755
4656
4885
850
13676
2255
4707
4731
65610
65609
65624
27435
1651
2291
2324
3423
65619
4655
65652
4926
