19275
0
13644
3293
19292
10815
6318
19379
13609
19278
19254
16821
13678
4377
19258
19320
13650
19331
13671
19264
13569
19344
19321
19340
19365
19325
45765
65624
58142
65634
2324
8080
39595
2255
65644
50953
3588
65651
20053
25687
9937
59727
65637
65617
216
13618
65658
27429
13633
2913
65615
17930
49176
65614
65609
65631
2291
17928
4703
65660
4664
13612
65613
65623
430
65649
27430
13705
2927
58181
65616
817
2049
65647
19018
65643
27431
58157
3423
65611
2241
2254
33512
4960
27435
2246
65619
65620
65641
13601
3487
13636
26291
7424
4773
4677
20009
4885
65642
228
13676
39820
3525
4710
3566
39602
