19292
0
16842
19299
19280
19267
13650
19365
19007
19319
13656
19307
10815
4755
3490
2124
19284
19309
19347
19300
19278
733
13678
19314
19282
13674
6244
19340
19311
13646
3336
19276
19272
19264
19288
19291
19256
19252
19268
13644
16821
3293
19363
19259
19303
18122
19310
13569
13671
13605
16777
13609
6318
13588
27559
4666
2254
27568
4773
5821
27558
4703
27551
27567
11921
16776
11839
27572
27565
27554
45752
4818
45770
45765
2241
12097
4383
850
4416
45772
5673
45747
45755
45753
39799
3471
45764
33512
45767
2009
2291
4389
47149
35439
47164
15743
4422
2255
20053
47134
13677
4655
37490
13592
3423
1030
4664
4731
13590
49127
19889
49168
49121
817
49132
4707
49120
38475
49140
3366
430
13595
3315
20029
4656
49167
13566
50437
65614
58157
58181
4926
4879
27431
20009
3013
13568
13612
39820
4885
13676
65624
13636
13705
2324
58185
4960
13571
25687
58142
39602
2493
27429
6690
27436
50312
58175
13709
13663
3525
