19299
2
13587
6244
19290
19292
13674
6318
19253
19256
4377
13644
19351
13569
13656
3336
13650
19310
10815
19278
13609
19007
19340
4374
27883
11839
35484
25673
4402
2038
3307
5821
4421
4437
4371
35460
27551
4381
35485
27567
26724
26601
35498
35435
27876
35430
35429
30084
35440
4368
32667
35446
4378
35495
4703
35424
2254
27568
35481
4912
30051
13620
27560
35439
32186
35506
35448
3316
4960
35489
35436
4422
35469
35427
430
35471
32195
35503
3332
13595
4363
25674
27882
4412
39801
4383
13589
39582
20012
4388
39602
4395
25687
11921
39574
4664
4696
4666
39804
2062
39812
13626
4879
15164
45504
45506
45499
45518
27807
45494
45508
45497
3423
45521
1386
27558
45510
39599
32199
45492
2026
36619
47127
47141
47135
39595
47148
47130
39623
39592
47152
39612
36614
37495
47138
47122
27561
27550
13632
39577
39585
39622
47159
47157
47140
39626
50448
4885
4896
13567
50439
50406
50418
39581
4707
2324
13612
13676
13591
65615
65624
20407
3319
65623
4656
4926
13668
4773
13635
13568
4731
13709
71551
12569
71583
26780
30079
3365
