19304
0
4755
19274
13588
19306
19357
19322
19282
19355
19296
6296
13605
13646
3293
13634
19356
13644
19260
19327
13650
19366
19281
19326
6246
13597
13586
19007
19335
6244
13674
13581
13582
10341
10815
19298
4717
25687
13589
4664
39815
39830
19895
13639
4879
13593
4659
39819
13595
4666
13666
13663
13600
13677
50268
4773
13584
13676
13681
18115
50306
38252
13621
19898
57520
57503
13578
13669
38248
13619
13685
13570
13575
4707
13700
57506
57526
13568
13638
13580
57545
38246
13590
4655
13694
38249
65369
65353
65381
50317
65372
13629
65406
13576
13583
65370
65359
13686
65373
65380
65378
6354
13628
58424
65367
65360
58436
65376
65355
65348
65403
13594
4656
49419
73181
50264
13635
45495
