19312
0
10815
4377
6244
13569
19257
19314
19272
19284
19289
19309
19288
16827
19369
2124
19340
6318
19280
19276
13609
3336
19286
19277
19007
6246
16777
13659
13656
19300
19307
16821
16842
13674
13644
13678
19310
19292
19252
20009
4904
4654
20018
4383
2301
3539
20029
3525
2008
1369
4850
4846
2049
2324
2023
4902
16776
4824
25687
25696
22120
25710
25685
9886
25682
4823
25700
3434
10734
25717
2254
4696
25674
3936
12739
25691
4374
9869
25690
25693
2322
25681
25673
8319
4056
5792
3444
27555
27560
4389
49581
45497
50437
4879
2241
11921
4422
27551
4885
26724
2062
11839
27557
4363
45494
27567
47121
50413
4412
27550
27564
39796
50422
4703
