19340
0
4742
19303
19322
13605
13650
19282
19291
6318
13644
19314
13659
3490
6296
18122
13674
19299
19292
13671
19347
19252
19280
19262
13587
10815
6246
13609
3336
19311
19307
3293
16777
19353
19319
13569
15164
3545
20029
16776
787
4902
2013
20030
20042
3307
3395
4912
12097
10808
10974
20047
3319
430
12921
20009
3525
4369
6278
850
4703
45754
45764
2241
4717
45765
45752
45772
10892
45753
3535
39799
45755
3470
45745
33512
13612
27428
49127
4664
4879
58170
58201
4960
58182
49132
58175
27572
58181
58146
58142
49120
25690
49140
58159
33584
5821
47164
58157
38475
4666
13666
4659
4773
13635
73188
13633
13595
