1937
0
1942
1852
1925
1908
243
693
1963
723
1857
687
696
1924
1878
1911
1951
1936
710
1858
1868
741
1921
1954
647
718
1960
1992
1914
649
1899
1932
1870
1865
1548
1938
1874
733
1965
1883
1872
1952
698
1851
1995
1879
1958
1912
1991
1889
1877
1916
673
1543
726
1966
705
1940
1972
685
672
1941
1887
1933
652
1920
1931
1927
1947
1882
1946
1861
1854
1996
34872
34957
34923
34915
34917
34878
34959
34943
24882
31928
34956
34869
24851
34919
24836
24813
35028
34942
34899
24856
34921
24843
34888
34997
24820
24854
34926
24860
4063
34920
34273
24841
34922
