19394
0
19402
19489
19477
19385
19471
19572
19462
19542
19404
19388
19393
19465
19585
19384
19424
19478
19422
19449
19451
19486
19414
19454
19420
19463
19523
19417
19387
19525
19571
19461
19475
19573
19416
19464
19499
19401
19406
19520
19519
19509
19395
19425
19403
19507
19482
19554
19421
19390
19497
19543
19564
19513
19412
19502
19524
10947
5448
19396
19439
19562
19500
19389
10370
19539
19456
19400
1606
19397
19419
29226
70926
70945
70920
62910
70963
70906
70964
70979
44226
65649
70951
11251
2913
70960
44407
8444
44383
70921
70952
12036
70928
70966
70934
70937
10372
64820
70931
70958
70929
70942
70948
70953
44368
70907
44370
29225
70933
70939
12031
70902
28155
29265
1671
70927
