1940
0
1948
1939
1858
1930
1960
1914
1921
1571
1953
741
1878
1955
1951
672
1856
1934
1862
698
1958
1946
1857
1920
1852
1942
1923
1910
649
1918
243
1938
685
733
1947
652
1991
1989
1941
1874
12643
19100
2866
2753
19094
13830
24871
24840
24815
24823
24860
24898
24814
24851
24882
24818
24889
24858
24866
24826
24813
24821
24832
24853
24830
24884
24841
24904
24843
12645
24859
24819
19618
24854
24855
24870
24835
24852
688
12848
24836
24834
24844
24857
24868
24831
24915
24817
24914
34980
34924
34999
34996
34921
34869
34956
34871
26248
22234
34909
34879
34899
34902
34904
34917
34882
34923
53259
6211
53284
31941
53292
53270
53328
53296
53275
37219
31923
1563
53283
53306
6204
53309
34301
34249
18129
53277
50205
50616
665
65585
50617
50190
