1941
0
1942
693
1866
649
1852
1977
1878
1567
1854
696
726
1948
243
1571
1918
1875
1870
1933
1910
685
1932
1874
1916
1954
1992
741
1857
1940
673
1934
1946
1960
652
1920
1958
1951
1925
1950
1989
1965
1996
1856
1871
1908
1938
1947
1924
1952
1973
1851
24868
24895
24836
24860
24896
24824
24884
24819
24843
24857
24854
24817
24851
24869
12848
24874
24873
24882
24847
24831
24856
24823
24925
24813
24841
24853
24830
19618
24818
12645
24846
688
24855
24820
24852
24834
24907
24827
24829
24837
24861
24844
24891
24892
24832
24815
24908
24835
19115
24914
24859
24812
24814
24858
24826
34930
4063
34924
34890
34869
34899
34959
34917
34870
34902
34923
34943
22234
53276
19094
53267
53304
50639
43270
53293
53270
31923
53333
53259
53260
53292
53328
53308
53284
53315
53294
53280
53269
53309
34249
53283
53298
31910
63741
50190
13785
13830
31911
36288
1454
28252
729
