19461
1
19462
10370
19477
19475
19454
19493
1606
19387
19395
5448
19422
5512
3066
19400
19511
19466
1641
8357
12154
23215
23282
8359
11658
23207
7257
8331
8337
8341
8356
23271
21153
23232
8360
5851
23242
13283
9095
23243
23240
9022
1182
5850
12671
20489
23337
2689
17113
679
1113
23318
11736
863
23255
11652
4658
23265
23225
8333
4752
8332
1221
10252
12771
21940
12147
7783
23926
18162
23903
8385
8386
1063
9003
1038
12785
2991
9011
659
1041
51565
12786
48338
7994
713
216
51578
20467
7712
20755
3894
6624
51556
714
51572
9892
18891
20849
1123
1142
9162
28051
10769
30364
1105
28037
28131
20870
872
28079
52486
30369
20885
43037
20845
54226
59025
43128
59060
9084
8982
59010
14744
59031
61485
9035
1658
61936
61943
3087
61930
61950
13808
3975
28997
61938
8390
55312
2913
61962
48313
10394
8180
1115
31774
1121
61963
61947
61937
68722
68668
68666
68661
44366
68656
68785
12824
68796
68768
68769
68690
68676
68691
68813
9037
8017
4063
3967
5309
2969
69615
69616
12243
69618
69617
64023
2286
4749
3982
12665
5442
3568
4667
