1946
0
1947
687
1932
1941
1950
1975
1948
649
1910
1865
1916
1911
1966
1952
1906
685
1940
1924
1856
1882
696
1902
1956
19097
19104
19117
19110
19105
19102
19099
19111
19115
19091
2866
2753
24854
24824
24885
24864
24858
24874
24842
24921
24931
24838
12848
24862
24902
24856
24832
24846
24853
24823
24850
24837
24827
24814
24847
24878
24894
24923
24861
24872
24820
24826
24875
24848
24859
50613
50631
50632
50190
50618
50620
50606
50612
50639
50602
50604
50635
14354
31911
65576
65577
65581
65586
65591
65592
