19639
0
19636
16261
19650
16306
19652
16350
16271
16288
16222
19645
16286
19646
19620
8257
16272
19606
16237
16224
16281
16289
16229
16276
16250
16341
16262
19637
19665
16297
19616
19651
16228
19610
16882
16312
16322
16231
19662
16331
19612
16300
19604
19629
16352
16889
16282
19626
16264
2328
6679
16233
16313
11930
19614
19663
16287
19615
16321
16311
16273
19630
19613
16263
16324
16265
19609
35595
35590
35605
35545
16307
16236
757
35570
16234
16881
2246
35544
35564
35562
16268
16266
16258
35539
13566
35538
3013
4658
35573
803
35571
35550
7675
16880
16303
35581
35585
35565
16372
16235
35555
39285
39292
39279
39273
16325
7455
39260
39264
39257
16332
16888
16283
4664
76214
44906
70359
16259
76209
76206
76232
1764
16318
16338
16349
75275
74816
