19646
0
16331
16252
19610
16264
16288
19611
16350
16882
19660
19629
19605
16321
19635
16262
16241
16352
16327
16222
16286
16250
19614
16276
19612
19625
16324
19615
19607
6679
16273
19652
19634
16272
16239
16874
19645
16224
16281
19613
16229
16237
7830
16289
16300
16311
16245
19633
16322
16228
19665
19616
16223
16306
1336
16294
16231
19620
16313
16341
19626
19686
19609
16307
35565
35595
35545
16235
35631
35559
803
16236
16299
16320
35564
16258
35599
35563
16280
35590
35616
35547
16303
39257
16332
39271
16878
16304
39272
39279
39262
16238
39264
39286
3422
41238
41236
16338
41240
44898
60491
60503
60489
60510
60507
45920
2981
60502
16351
74816
30663
74826
74825
822
16232
76204
76219
44906
76209
76213
76201
16242
16298
16249
