19659
0
19653
3351
19678
3357
3314
19644
19658
2328
19654
12665
12518
1024
4430
19641
19642
19673
41471
41475
41503
41510
26702
3358
11875
38359
3313
3336
41489
41500
4423
41495
41493
26713
802
3365
41472
41486
41485
3360
11847
41522
3307
11911
3561
37506
41517
41501
41511
3366
3413
41504
41491
41476
38353
12606
41494
41496
3292
41523
41506
41488
41484
8319
3297
41512
12615
26589
3338
41492
41519
41507
38348
41509
41499
41478
3353
3319
12584
3392
3312
4444
72254
72258
12543
72251
72253
72262
3298
54543
3441
72285
12545
15496
