19895
0
4655
13571
13712
13594
13679
13609
13597
13581
13600
13663
13595
4773
13650
13681
13577
13685
13586
13592
4753
4707
13598
4710
4703
13632
4656
4664
13590
13591
13655
13676
4879
13660
4755
13630
13576
13687
4666
3525
430
13653
13669
4731
13588
13568
10815
4440
13605
701
4775
13677
6690
13639
13688
13645
13635
4659
6318
13589
13626
13599
13666
10341
13620
13671
13603
3336
13674
13593
13664
13678
4717
13596
4903
13619
13575
13582
3444
13580
12569
13628
13682
13617
13637
13584
13708
13661
13566
13647
13633
13668
13572
13694
4926
13643
13641
13698
13573
13648
13684
13673
6693
13675
4739
13634
8396
13705
13578
13640
4749
13665
13714
13691
13651
13702
13613
13654
13624
13667
13703
13658
713
13642
13623
13615
13699
13614
13706
13631
13713
13601
13570
4960
13618
4885
13656
13723
13636
13717
13644
13709
13569
13625
13701
13612
13697
13606
13638
6316
13621
