19944
1
19941
10810
10757
4669
19951
7678
19996
19961
19984
10805
19968
19988
7443
19956
7405
19940
7432
10799
6278
7480
19985
4845
19962
2953
10761
19970
7690
19953
7672
19949
19937
19959
19965
16782
19960
19989
10804
19948
19986
1836
10743
7431
19939
19976
19954
10796
19952
10833
7414
8260
2309
7727
19938
6304
19950
16839
10787
10772
19994
19969
4417
19974
19979
518
19963
7410
2306
19990
19991
7642
4859
15920
679
10939
2960
2987
1115
52289
1374
1764
556
20061
10767
9633
52280
3905
12785
519
4658
2361
2038
10801
39145
4752
26330
659
9141
7257
10764
2291
5578
2969
856
11658
5639
5644
7719
7723
10750
7658
9826
7441
54208
2903
2324
43405
4725
26414
7710
28259
10744
27320
24456
43429
5638
7694
4777
9223
41092
7429
54198
8341
10789
2909
27922
861
713
54227
499
25222
10747
701
10808
33403
20766
68124
2310
18818
27292
2302
21356
70079
70078
46106
70069
20688
7838
70065
7491
70082
27290
2256
2936
6237
454
20725
70062
26291
34007
20685
43928
38390
4394
528
