19943
3
19946
7727
19970
2309
518
19952
19949
19950
7432
19942
19940
16782
10791
19984
7433
10796
11762
7642
8260
19944
19937
19961
19964
19965
7690
2953
10799
19994
4669
7443
19936
19996
19956
10787
10772
19991
19962
19941
7414
10805
19979
4859
19968
19947
19954
19963
6278
7678
5589
7422
10743
19960
34078
2908
2975
27314
7444
2302
2903
7736
34069
7439
1374
4394
7650
68124
20047
7838
70063
499
26291
2291
2256
46106
70065
38390
20685
70078
16755
2310
7491
3034
70070
4386
2038
70061
21356
27302
34007
6237
20766
38425
70062
2361
10767
47948
2320
70086
454
43928
