19994
0
19947
10796
19938
19996
7431
20001
10805
19946
4417
19960
10743
19936
16839
19943
18162
8260
19944
19963
19954
4669
19950
19968
2309
16782
19937
19984
19974
19991
1836
6304
19961
10787
7414
10799
19952
7646
7443
27298
20685
2291
38390
499
38400
2038
8354
2256
10767
4658
2302
13505
27320
8421
38388
38403
38404
38421
38426
7491
38429
34007
4386
38389
38392
1744
38425
38406
27280
2361
519
4838
528
9005
662
8017
3880
1115
3905
2927
12529
216
1374
52279
2971
7867
12785
1656
2913
1606
2049
52292
