2
0
3
20
35
154
139
79
52
68
5
116
131
112
144
149
107
44
17
94
99
42
69
77
71
36
41
101
90
91
74
1
78
126
133
53
87
95
137
14
102
127
31
10
117
24
39
34
111
161
113
157
58
92
9
96
55
61
81
86
37
85
114
45
26
123
162
88
63
140
70
20948
16728
898
32406
30475
7565
4212
894
38193
5792
938
35209
7583
972
4205
46903
46890
7563
915
29857
5058
46915
18493
6935
1001
12356
45011
6944
35265
45035
36430
39698
47287
45013
47288
47323
47302
4154
7598
22433
47277
7599
47348
959
6900
4196
47266
47314
32462
4198
20092
47289
47301
39968
47565
45029
12354
4069
70149
40001
3120
9792
7575
4151
36436
4264
66714
7600
45037
70146
32564
4186
20105
70139
66695
70163
70152
32477
7607
70148
70156
34376
70141
70136
34396
20082
35223
4170
34391
66685
45041
