20005
0
3461
20062
20046
20014
2217
20017
4822
4904
3511
12885
6278
2013
2337
2008
4404
4654
4903
18090
20006
472
3490
20048
4902
20010
20073
20025
4913
4859
2049
4912
527
3521
16801
4394
18790
18095
7459
20032
2024
3502
20037
3545
3482
19289
4696
10734
4777
25707
4824
22120
2027
4429
25697
25698
4823
2012
2249
2230
3543
3535
4390
2074
2242
499
2269
2326
2238
2231
826
4464
2255
3497
2250
3463
3549
4909
2241
15436
32133
7423
1619
4764
40837
43914
34128
4689
4662
19937
22124
7852
520
26953
43938
34083
43924
636
22119
4687
16768
4677
34080
2063
3478
3468
463
3527
16739
2026
3537
48787
3534
3470
540
4870
9944
60810
3466
2029
3538
16755
3536
