20035
0
20017
4822
4829
4860
4902
19289
6318
430
4913
3461
4912
4896
11282
4830
4904
5614
4722
10341
20049
4894
4859
5603
20037
15164
4848
787
18812
4845
3448
25688
4883
4696
9886
807
594
25674
25682
8034
25702
4900
4368
4715
9869
8064
4824
2027
25685
31774
31779
786
8078
847
4664
2241
3365
4440
15160
35812
37096
8044
46138
4909
39800
4844
4925
46132
15908
39832
4876
5610
4831
4764
4826
46096
2291
4703
46083
4870
10815
46106
11286
4814
4885
4892
4884
49575
3549
13635
41261
4451
4388
49581
4398
17965
50648
2110
54543
4666
6316
10346
