20046
0
1369
3461
2008
4818
16801
2067
4654
2013
20005
2309
3490
4913
18790
2306
4859
20059
2986
4404
2936
472
20044
5589
1807
3491
2009
4394
3525
6278
10786
2023
2324
20014
5603
4845
12885
4680
499
22087
2302
22098
22060
2012
2074
18805
2246
22081
4672
22073
4777
22089
2291
4696
22095
19937
4766
4662
22086
3527
22069
22120
22097
850
22117
817
2038
22099
2927
2070
2241
2256
31128
31124
31137
34070
34098
31511
34113
34069
7736
34071
7685
34158
19965
2900
40465
701
2997
5606
3434
485
3013
18817
5580
7257
7838
16400
2261
41444
74493
15888
27385
74518
15877
74533
27366
828
41455
