20052
0
4424
2324
4845
2306
5589
19941
3545
4693
7449
1807
2291
15200
4658
6679
27384
15885
24456
6273
18589
7245
7647
27916
7422
7690
7244
27966
7733
28020
26003
24168
27985
7464
24187
7679
27983
5762
7669
8110
10750
9163
7671
14672
7668
2038
1782
27930
1722
7441
7964
7678
27951
30535
30601
30594
2908
7979
30122
1739
2909
22838
1815
7280
2975
6304
12210
6251
12671
12209
31947
10802
826
7706
10748
31948
26946
7739
31951
31944
7660
2988
10777
22908
31945
8156
31946
31950
33212
6272
679
1778
454
5638
20941
26559
33201
33239
15882
48724
1374
2903
43244
28965
1656
10704
43399
24162
10743
48725
34880
7732
31307
6024
48719
14577
26974
13375
48704
31233
41404
24149
28955
7658
18596
6639
30118
38161
10747
14140
19970
861
803
62590
56284
5792
33430
52798
38164
6294
24170
52805
36252
30121
18657
26152
62582
30182
20933
24189
62575
26035
62610
30177
24410
14585
6663
62571
54720
26068
62558
33001
29527
