20092
0
84
7577
140
41
99
20135
20081
18
5
78
20142
17
57
7565
11942
20111
24
13
20098
68
150
20116
938
52
107
63
69
105
7
162
20086
92
7583
85
109
37
7573
8
86
91
77
113
20137
142
9
7576
18493
146
7616
128
53
20944
20956
12353
75
970
906
20948
3287
7574
20975
16990
5182
20993
129
30476
101
30488
3266
36
46
930
156
4076
50
4155
124
20
7622
12355
6917
5170
4205
894
2318
30475
959
4154
4216
38
6928
30487
30478
4108
4121
22454
6944
30493
30519
30485
30484
5132
4196
28
161
932
5044
168
29857
4158
898
127
34393
34408
7600
34389
34376
31422
34410
135
29833
98
35
34396
157
32478
34395
74
123
18521
22448
12361
34698
80
12354
95
34709
32027
34696
11938
22471
4105
34704
12373
45022
45030
45029
45048
45012
45013
131
4212
45046
15
45034
2248
16728
4229
30
45042
116
2382
12356
2598
38193
45016
76
36433
45011
2341
4069
32462
47298
47293
96
2
93
27633
47332
7585
47263
7587
47290
25143
17038
47345
46914
45
47302
47292
47329
47352
47300
38206
106
47275
7598
47311
36430
47274
24609
47269
60855
60854
27
32439
55236
144
46903
54
25
60860
46921
25123
60875
90
60836
60852
60872
55248
55209
55215
55490
125
117
60861
60885
55496
2247
46929
60884
5028
70044
152
47577
66596
70047
22469
55212
66658
70022
22
66615
11982
7579
32014
70041
72972
5049
35242
46896
5050
55230
27678
18515
7597
