2009
0
2030
2047
2013
2082
2023
2074
2045
2088
2064
2026
757
2043
2111
2066
464
2076
2027
556
506
2124
2029
2038
2037
2176
2067
2049
2127
2317
2224
2337
2269
2301
2306
2302
2230
2291
1369
2254
2326
2242
2297
2243
2255
2246
2324
2279
2361
2256
2241
3549
3520
3496
3461
3505
3485
3526
3493
3562
3477
540
3506
3497
3466
518
3513
3462
3514
3523
3569
3534
3482
3511
3570
3555
3481
3515
3491
3516
3508
3503
3469
3538
3533
3472
3535
3473
3504
3531
3463
3490
3554
3467
3581
3483
3571
3556
3568
3465
3492
3545
3502
3468
3527
3521
3471
3532
3519
3537
3500
3522
3507
3470
3544
3518
3464
3567
3478
3489
3517
3459
3476
3525
3542
3475
3486
4394
4375
4383
4398
4429
3314
4378
4440
4424
4404
3319
4407
3336
4417
4384
4390
4370
4468
4689
4686
4670
4734
454
4752
4694
4672
4712
4654
4693
4718
4754
4699
4715
4688
826
4662
679
4701
4697
4683
4671
4717
1374
4728
4719
817
4675
4687
4705
4703
2689
4668
520
4669
4664
4730
4657
4700
4665
4777
1656
2904
4658
4764
4696
527
4780
4667
4726
4680
6248
6251
6298
4858
6245
6312
6324
6237
6247
6266
6242
2900
430
6318
6262
6246
6304
4926
6279
6273
6302
6254
813
7429
1115
3880
1030
10737
2969
2987
16771
16800
16772
2996
526
4870
16734
16801
16745
16755
16799
16812
16768
7491
16839
16739
4885
16749
16782
472
5614
12093
18783
18795
18826
5610
4949
5243
18831
19010
19020
7710
18999
19007
12097
11283
839
19004
19026
19015
19023
19000
10815
19006
4896
18090
4846
10341
20007
12833
20015
2936
20033
4868
20032
3395
4903
20011
20061
10786
20027
20045
4964
20072
4822
20052
20041
20018
7902
20058
834
22067
22131
22084
22101
22059
7867
12529
12276
11782
712
19938
7964
24456
16313
16358
5638
20685
7979
701
822
24464
7953
7838
25008
1764
24951
24965
19987
25010
9633
24954
25002
25051
25023
15880
25018
4879
9022
12138
26552
14641
26553
26765
26775
466
27871
12565
17483
2909
6662
3088
216
16295
29554
26019
26892
3440
1606
12637
18905
7744
31535
33212
27389
18891
13359
20458
8107
10903
1745
10970
19982
15882
7412
14592
7665
33249
863
40472
9929
31112
18372
41077
4940
41033
41072
41015
41085
41017
41025
9641
41060
41066
5327
39782
3087
41020
31735
41023
41051
41106
25203
14605
10939
18097
8293
42749
2903
7417
13559
34083
43928
12832
43930
43986
16995
43993
43968
28310
28723
44838
44884
3899
19292
45762
45751
10795
46095
10904
5639
48803
1692
802
13632
5442
48808
588
25234
13010
48784
48816
5762
3617
13591
13590
19889
39595
8355
13595
49853
49852
49869
49862
15172
50568
5605
30063
47973
7666
19181
10344
50966
50945
13609
16388
50953
50978
14081
51671
10698
38395
32269
24113
3905
33584
56683
58157
7954
59306
22354
32663
7430
528
60689
30615
60671
38121
1734
19294
19475
60891
60899
14760
60886
34024
60900
60893
60894
60889
19959
68917
1803
24189
26137
662
2947
14224
16270
3066
71076
20859
13620
12569
74280
74294
74287
596
