20105
0
20106
41
105
20103
84
20127
20120
12
137
53
7567
40
94
8
0
20102
23
7593
928
37
17
107
18
79
20101
20082
7565
57
63
14
20109
11976
20112
923
20104
20129
47
77
151
899
113
59
56
9
109
20096
18493
20090
7
85
20087
20108
92
86
11958
78
20116
7573
61
5
42
39
128
99
938
20115
20130
68
69
20083
140
52
24
11975
7577
31442
32464
10
161
88
7606
75
4085
117
168
32422
31422
44
148
7566
4152
62
32401
127
7563
32477
7568
126
32467
32466
32483
29857
12721
30
32478
32408
30476
32497
32425
4231
32454
32484
32424
32433
32446
7560
32404
33
32442
38
70
130
18485
32406
32420
32462
32449
32410
32402
116
71
32450
32502
34378
132
157
898
34407
34389
34392
97
7600
34393
933
123
34391
35
34406
98
29833
74
11936
34394
34376
135
34402
20
34401
22432
34395
34381
34380
4198
34396
4196
45017
4069
4200
972
6900
45013
36433
4212
45020
28
45034
11956
45037
76
45014
39968
12356
45045
131
38193
45028
45011
45022
45046
22429
45029
45035
45058
80
45041
16728
45012
4154
12354
9792
45
82
22433
7607
66701
55233
35194
66695
22434
101
66691
4148
36430
66720
66714
35209
6944
47288
66688
4096
36429
6935
27594
66726
959
66684
40000
66690
66698
22423
66693
66692
66685
31420
4121
47286
66717
4170
36436
141
6928
35265
66713
66705
66736
66704
30475
66694
4264
39698
6940
70141
58
39692
70137
134
112
160
70139
70156
70144
7598
6915
96
4188
70146
2
47301
47274
66
5792
1001
47267
3120
70152
70149
47264
47314
47266
40001
114
25145
51
32564
4186
70147
