2013
4
2127
506
2062
464
2026
2143
2009
2038
2111
2070
2023
2074
2067
2029
2027
2124
2047
2024
2117
3540
3491
3475
3505
3535
3544
3548
3473
3467
3554
3492
3483
3464
3523
3526
3482
3502
3469
3507
3431
3518
3525
3485
3521
3506
3516
3463
3466
2241
713
2242
518
3536
3497
2246
3562
3531
2301
3468
3465
3538
3567
3513
3471
3527
3461
3503
3549
3500
540
3481
3545
3462
3519
2297
3493
3520
3556
3511
3490
3478
3472
3504
3489
3470
3537
3534
4422
3319
4440
3366
4398
4424
4363
4378
4368
3348
4404
2217
2256
2291
4409
4471
4374
3336
2309
2337
3307
4384
4429
2326
2254
4394
4377
2230
4369
2279
4407
2243
4468
4658
1807
4689
4670
4752
520
679
2689
4683
527
4728
4717
4777
4764
4770
4675
4707
4703
4686
4664
4700
454
4693
2324
485
4669
1656
4719
4726
4750
4696
4668
4667
6237
6262
6298
6246
6266
6328
6238
6235
6254
6279
4858
6273
2908
6239
6252
6318
6317
6316
6312
6245
6278
6247
6324
16812
16799
4885
16739
16755
16832
2361
4870
16737
16801
16749
16782
7491
472
526
16842
16800
18999
19023
10815
19007
839
19020
19010
19000
19015
10911
5589
2306
19948
19987
10799
7646
19965
19982
2914
19966
20005
10808
3395
12921
20014
4846
5603
20056
20032
20061
18090
4896
10786
20044
20021
2936
15164
18783
20015
4871
4903
19340
12138
26553
1024
26780
2224
1030
25002
7395
1606
4879
2899
22120
4855
13626
13639
13595
19347
13674
13666
27557
41077
17439
1115
41023
41072
41061
25203
41063
41047
38368
43980
43991
43977
43969
7687
43986
43974
8044
43995
43994
27296
43970
44002
24954
43979
43968
43984
43993
43975
461
7429
13010
7412
13632
802
858
13609
49593
49583
20431
3317
701
10698
813
38417
52846
10930
862
38402
52850
52851
58887
5243
7694
58894
27389
5610
486
60674
19475
60900
1764
60886
38416
1386
22122
35456
26900
34069
243
3401
1734
13644
3406
10884
