20130
0
77
113
83
20099
18493
23
61
11958
53
0
94
52
20087
7562
39
79
37
86
20105
136
20115
85
140
20127
20082
18
5
17
14
84
40
20133
923
56
42
41
20096
99
107
7565
105
63
162
11975
149
20104
7573
928
1003
92
12
44
7563
32446
36
32497
32420
32449
148
32411
4229
30
127
32483
117
4152
1303
71
31422
130
3230
32409
32402
32454
32410
126
9744
168
32467
7568
32462
46911
21996
7618
4103
46901
46909
11947
135
26
66
46931
46915
915
7602
143
46925
144
156
5058
46929
46941
11956
46933
20
141
6922
7613
7564
38193
46916
46890
4
76
7586
46920
46921
46905
46942
71501
4170
5832
71513
71515
71511
102
7570
954
959
4264
71507
5792
115
4121
4086
3120
71505
