2014
0
2009
2021
2067
2070
2098
849
2049
2042
2037
2062
2106
499
556
2127
2008
2145
2026
2102
2038
2050
2109
2111
2011
2117
6302
7429
7465
1782
7391
1619
2935
7464
7460
7480
2309
7454
7408
7442
7407
5644
2321
4683
7469
7414
7505
7393
7417
2904
4677
7441
7419
7474
7424
803
861
505
7443
2908
7426
7423
7493
7427
2945
7432
7455
7431
7473
7478
7420
7453
7438
828
2953
7422
6663
7437
7396
7448
7425
7470
6300
4859
7416
5589
7395
39562
2216
1369
1030
2258
2252
2231
4431
4672
2217
2227
4714
2289
5638
4380
4403
2291
2319
44856
12510
4752
2250
44854
12325
12508
2228
2241
2311
2305
2237
4471
4049
4370
4365
2225
2226
2240
2229
5578
826
2268
2931
