20235
0
20236
8721
20289
20271
16665
1658
20323
20279
20277
20346
216
20287
20332
20361
20333
732
20352
1608
20363
20284
17560
20252
20321
20251
20238
20275
7093
20325
20303
20304
2979
20378
1651
20250
20231
10957
3898
20328
20297
18087
20393
20350
2540
228
20298
2445
20254
20302
20340
20296
3899
20234
20317
20261
2493
8369
9005
4680
1317
20331
23265
831
23207
8341
8337
23238
8331
12154
23262
23239
809
679
23254
1113
23249
2689
23212
7257
23303
23255
822
23219
5851
8333
9095
12183
23232
8359
5673
51951
51910
51949
8220
6755
51909
51903
51970
51940
52009
51982
51896
51920
51994
51939
51973
51934
51887
51928
52001
52038
51981
51897
51961
6522
51948
853
59804
34579
59788
7745
59812
3013
3880
33199
855
59834
2969
12637
12854
18104
2913
59800
713
62456
20482
62494
62519
62520
62533
62534
62489
62466
62465
62427
62439
62454
62505
62479
62512
12158
62530
62531
62538
62491
62516
62497
62437
14759
62458
62490
7783
62426
7136
62477
62440
6624
62443
12176
31237
62488
71073
3066
15716
71097
71065
217
6251
71104
17981
19181
653
14298
