2023
0
2024
469
2124
2068
2064
2027
556
2009
2077
2047
2026
2012
464
2013
2050
2127
499
2082
2067
2074
2029
3548
3491
3511
3507
3549
3497
3462
3482
2297
3516
3478
3535
3468
3489
3545
3502
3518
3473
3492
521
3469
3536
540
3464
3470
3534
3466
2301
3506
3538
3471
3527
3537
3490
2246
2242
3521
6244
2250
6279
6262
6278
4858
4770
6266
6245
6246
6255
2309
4719
4689
6247
6298
4670
4696
4718
2230
6264
4870
16801
4417
16778
16755
2243
16812
16842
16821
4692
16737
7491
16760
526
472
4764
4675
19007
2337
18999
19015
2326
4902
3319
2306
20015
4830
4896
10786
12833
20033
4894
20061
20007
4848
20063
3307
4693
2324
20026
20020
20051
18796
20021
7856
4850
18095
20041
20069
4829
4933
20059
20054
4846
1369
19289
20030
20027
20024
20034
15164
20039
4822
4904
4654
5603
4722
20014
527
17918
4845
4859
3336
4903
20076
2279
20028
2217
20011
22133
22062
22094
22101
22120
19948
22122
12842
25697
4823
4429
25705
9869
25713
25685
4368
4883
25702
2322
25675
25680
4384
4701
4909
2333
4658
40472
40458
12138
24954
45758
4416
4963
4669
19294
59298
10344
43993
1608
12093
4875
