2024
0
1382
2044
2023
2066
2104
2076
2012
2008
2039
462
2067
2074
2068
2009
2061
2047
2070
2065
2025
2124
2018
2033
2049
2091
2037
2099
2063
2051
2096
2029
499
2013
4468
4383
4845
2324
4887
4830
4871
4896
4859
4870
4913
4912
4963
4822
4904
3542
4703
4869
2241
4701
3549
4895
3525
4824
4860
4941
4884
2291
4903
4879
4823
4865
4942
4975
4862
3423
2322
4856
4931
4878
4885
4875
4846
4826
4818
4844
4715
4994
4850
4921
4968
4902
4990
4815
4858
4900
4855
4889
4667
4662
4841
4873
4881
3502
20030
2301
3448
16801
4404
12885
430
3469
20014
5603
3545
20007
4654
20078
6318
4377
20005
19289
2936
20045
20041
20033
6244
11275
20006
18790
20012
6320
11281
20069
3539
18090
12833
527
2279
5614
18095
20046
3511
3491
2306
4693
20053
3464
18783
3461
25700
25680
485
17887
4374
13705
15835
25699
22145
4696
19276
3434
22120
19284
4777
25707
2904
2254
25673
2246
7491
3527
22122
1374
3466
