2027
0
2028
2055
2082
2157
2124
2013
2064
2012
2074
464
2009
2173
2023
2077
2121
2037
2065
4717
3464
2250
6249
6301
3469
6298
6266
6324
6262
2301
2230
3538
6317
6279
3549
6245
3471
3502
6264
6278
4670
6316
4858
3490
3545
7392
4700
526
4903
7491
16792
16793
3511
16736
16816
1414
16825
16739
16734
16790
16771
16742
16752
4870
472
16791
16833
16824
16733
16772
16737
16761
16844
16759
3466
16778
16740
16800
16826
16802
16754
16750
540
16788
4818
16755
16753
16760
16832
18089
18092
4855
18103
4930
4815
13635
18112
4823
4722
4912
4879
13595
18098
4654
18105
18125
4822
4963
18108
4844
18090
20005
2306
20028
22101
20035
25677
3525
25703
3461
3448
20037
9633
2246
20032
19289
22133
10341
9955
4913
4664
13666
13578
40475
40465
31122
40446
12785
11818
3516
3583
40452
40458
15032
9929
40459
40455
40460
39760
40456
40450
17412
44156
44145
27815
18948
44157
44142
44147
44133
28205
44164
20021
3535
4390
4701
37496
3462
49584
3468
45771
18783
3478
3482
10706
2279
13587
19009
49576
49577
3521
51630
701
51648
19008
51629
51637
51638
51643
51658
51634
7646
43975
51650
51631
51626
51645
39721
51632
51683
60674
24954
3518
2242
3548
3483
59298
65005
65008
28226
65017
2314
65019
19019
55801
4446
67620
67628
67618
67624
2326
71076
1764
14224
43993
