20407
0
3296
1030
3366
1024
3314
12565
2353
3322
430
3311
4422
11839
4703
3381
6620
3336
11921
3307
3365
3338
3297
1386
2038
26746
2062
26724
10921
3332
3328
4369
3348
3347
2254
19644
2241
10905
15197
3318
11846
4368
3323
4393
3413
3358
3292
11855
2021
2117
1385
3353
2049
11875
3319
16776
13676
2009
24669
10815
50437
20009
13569
58181
4845
45755
19886
58157
65624
39799
13668
850
13595
13644
19252
4879
19292
58142
19299
33512
4885
16295
19641
3316
27883
4402
4374
3502
2127
4855
4388
27560
30084
13632
2230
1369
26601
2689
3469
12569
10892
2013
30079
20012
4383
2256
4912
2301
