20447
0
20454
20446
5316
20472
49683
49642
49627
49695
49691
49719
49724
49658
49668
49674
49744
49742
49599
49634
49735
49602
49645
49699
49705
49679
49688
49721
49618
14728
49662
49617
5363
49690
49646
49728
49647
49610
49686
49680
49681
37620
49607
49706
49687
49708
49694
49606
49636
49603
49689
49600
22386
49698
49651
49608
49628
49673
49693
49740
49701
14805
49700
49743
49613
49685
22280
49654
49732
49733
49764
49637
49622
49650
626
49672
49624
49605
49715
49635
49709
49710
49649
581
49609
49615
49639
49713
49707
49727
49640
49631
49753
49720
49620
49676
49630
49675
49750
49739
49677
584
49601
49621
49656
49598
46301
49752
49619
49730
49751
49665
49749
49657
49641
49765
49702
49704
49652
49633
49684
49682
49725
49718
49663
49729
49629
49638
49671
