2049
0
2021
849
2038
2026
2927
2942
2929
2945
2990
2909
2324
2960
3008
2963
2908
2892
2903
1374
2958
2922
2891
2936
4694
4700
4677
4691
4766
4693
4739
4710
485
4749
3434
7714
7666
7710
5762
7681
2302
7690
2321
7651
7736
7650
803
9163
9186
9157
9141
9131
9154
9146
9162
9165
9139
9171
9166
9147
9153
9159
9158
9183
9135
1219
9169
9160
9149
5638
7447
9140
7506
9145
9151
9136
9178
9138
9155
9176
9133
9134
9184
9137
9167
6671
5578
7429
2353
1716
4379
4403
4940
14076
14144
14093
12970
14097
7407
14596
12097
3490
20062
4859
4845
19941
7418
7416
26432
9659
3401
26423
9682
26330
8080
12959
22759
1767
5630
36387
3501
10746
24423
4391
3422
12301
10813
41965
10744
48810
45696
10743
24947
50705
50707
6252
7443
7393
5644
54222
4436
6283
8968
15912
13639
65485
13570
18457
31093
38140
34069
4431
68920
27972
7403
58887
45728
