20500
0
12068
20507
14157
9035
9050
20639
20543
8386
9008
12249
18080
3880
12773
21884
8991
53019
53005
52994
26534
40623
53062
53038
53082
40641
53052
53000
53065
53068
53028
40621
53021
53030
52997
53041
12253
52991
53033
53034
53071
53002
53012
30527
53053
53040
30550
53007
53031
52239
53032
36086
53004
53042
53097
53036
33800
53008
53009
36722
53016
52996
53018
53035
12671
52999
26511
53010
53102
53023
53017
26535
53050
30532
22249
53029
40643
66891
66817
66825
713
66844
66808
66821
52227
66861
20883
52235
66812
66823
