20519
0
20520
20540
14157
20513
10420
20542
12066
11232
20532
9076
20523
20534
11214
20533
20511
20551
20574
20643
20539
12249
20560
12027
20531
20601
11211
20544
20506
20502
20536
20614
20564
1641
12188
20589
20563
20576
8386
20518
20575
20525
20591
9050
20553
20516
20552
20538
20571
20644
20521
20573
20631
20590
20567
20555
20572
20515
1053
20609
12068
20543
20510
1099
20607
20537
20559
20561
20587
12022
23068
22997
23010
23004
22979
23042
23015
23063
22972
23072
23120
23087
23057
23045
23024
23039
12040
22974
23047
22995
22965
22981
23109
22988
23017
23007
23032
22964
23003
23028
22985
12047
23082
23031
22989
23019
22969
23052
23008
23097
22983
23050
23040
23021
23029
23084
23014
22967
23023
23070
23111
22980
22992
23012
22962
12043
8999
23033
23049
23000
23001
22963
22982
22994
22677
23043
12069
23046
22986
9090
23025
22993
1225
23060
22991
22973
23074
23002
12044
53898
17222
53882
26990
2991
27001
53888
29667
53878
18327
62313
62202
62229
62199
8301
28305
33820
4573
62203
36381
36384
74638
12165
74602
74625
74649
36380
74661
74616
12057
74664
74611
74648
74629
74647
12035
