2065
0
2013
506
2110
556
2044
2039
469
499
2063
2024
2051
2093
757
2123
2062
2009
2029
2127
2018
2126
2099
2067
2050
374
849
2038
2023
2121
2026
2049
2012
2117
2137
2091
2047
2008
462
2025
2074
2061
2070
2124
2015
2083
2027
2021
2037
22102
2302
4935
20018
4696
4777
4672
18790
22108
4654
22093
3527
1807
22085
2291
2254
16364
22104
2945
22098
4896
2309
4680
22058
4404
22120
22065
1374
22084
2241
22067
22083
22117
22063
22122
4845
22111
22133
3461
834
22069
22115
22128
4913
22130
2908
4662
4949
18805
22136
1656
22060
22076
472
2246
2255
22094
22103
2324
2927
22078
22081
22095
2306
2256
20045
22119
16839
10786
7867
20014
1415
3336
12508
17400
3433
4413
12565
17417
4044
466
17389
3296
1416
3314
1024
4852
16435
27794
3305
1030
3348
4377
2224
27836
27882
8864
