2067
0
2013
2038
2012
2018
2009
2082
2117
2062
464
2063
2021
2060
2050
2124
2102
2107
2022
2047
2026
2023
499
2092
2008
2109
2042
2263
2274
2237
2228
2352
2222
2312
2254
2239
2229
2271
2280
2217
2265
2224
2344
2387
2279
2290
2361
2329
2315
2337
2252
2320
2284
2330
2273
2372
2249
2339
2327
2298
2238
2281
2264
2225
2389
2376
2326
2218
2317
2234
2241
2301
2333
2354
2259
2250
2216
2223
2309
2243
2244
2231
2269
2219
2353
2240
2226
2289
2306
2300
2332
4374
4383
4458
4464
4440
3336
4448
4375
4442
4425
4396
3365
4388
4418
4365
4443
4376
4377
4387
4361
3295
4391
4380
4384
4453
4386
4412
4432
4402
4370
4372
16768
16755
7491
16766
4870
3469
16800
16801
16771
16856
472
16759
3471
16848
526
16786
16790
20030
20050
3461
20034
5650
3502
20059
4822
18790
20007
10786
20047
6278
4868
7459
4722
4829
4859
4912
6317
4902
12885
20021
20044
4858
4696
4701
3434
12300
35370
35367
31079
37707
22120
37705
37783
37784
12325
39800
454
32251
39794
19283
25674
35448
39832
27568
26724
35439
25673
39582
27557
19284
3470
19347
19007
32195
41130
22122
22094
44145
28205
44838
19937
19982
19954
45991
34070
46004
27279
31084
18805
19965
49577
4697
27560
50408
35482
50398
50442
27565
45504
50406
50402
39760
3939
32663
17417
40465
27883
66270
5637
71550
71565
50087
18857
72534
72522
72518
3516
26553
3506
