20688
0
1369
2302
20696
701
7964
20709
2930
20718
851
7838
19923
20782
2987
14592
19984
1744
11661
2291
20685
3034
822
7767
4658
3880
7979
20725
499
2246
20766
2256
10926
7491
13505
4677
8107
831
3967
2900
12786
12671
27288
4429
20515
27286
27280
27287
11440
27321
27302
27320
518
10799
1803
27313
1742
6278
27281
6719
528
2914
27310
27303
16839
4859
27290
2361
20034
18818
216
66283
1724
2320
2243
34005
68135
3490
38390
26335
70080
16755
2309
19956
20061
10696
70075
4386
2310
20056
68124
7405
26291
2936
6324
19954
19944
70070
67852
24456
21356
19976
43969
19974
70068
454
19943
10767
16782
43928
70062
19991
21297
