2068
0
1382
2025
2017
2033
2053
2118
462
469
2064
2094
2008
2015
2130
2054
2110
2055
2034
2058
2093
2009
2128
2024
2023
1369
10706
10705
3894
10711
10732
2255
10712
10707
4852
27847
27838
8861
17417
27791
27841
532
25707
27839
27786
8868
27856
27802
25648
27851
27795
24221
4420
27826
27805
27881
8864
27407
7834
27808
27813
27822
27857
17429
27836
27820
1444
27849
3433
19076
30071
30072
22119
2241
30068
30066
30064
30092
7859
1376
3461
30051
18833
20027
22076
30065
30082
30096
30078
4850
30085
30067
25717
30088
30053
30081
30062
30060
30057
30054
30056
4654
30055
4474
15835
36848
5619
38477
596
38459
38480
38461
18557
7848
51108
2373
51094
26358
531
51096
51112
26349
