20835
4
18916
20843
20869
8308
20832
16270
3941
714
11637
20928
10968
701
20853
1764
20867
20893
18891
17131
20858
649
20864
17124
20919
20896
17135
1606
2987
20861
20870
20841
20865
1142
11658
20894
20897
1105
20862
18889
20866
17098
20837
831
17115
12671
20872
6719
18910
3882
7783
16388
20840
8107
14376
10903
17092
20709
20910
20885
20929
20886
20855
20879
4728
20859
18890
872
7943
17123
20458
4809
1123
20878
1767
20889
20838
26036
5243
40613
12810
822
14710
7953
7946
40579
13284
4578
40575
21540
713
40671
40601
4658
40677
8991
40590
37469
40606
11672
40622
40571
40665
40572
34283
60183
7712
17108
3905
60247
60241
60271
14206
60250
60190
3967
3938
60249
17145
3494
60281
41249
6624
30362
3891
