20837
1
1606
20852
20858
4728
20873
3941
1105
20847
20885
18908
17124
20848
20865
20841
20883
20846
20903
20859
16270
13283
20835
679
10898
20838
20908
714
20884
20862
11658
17092
10916
20870
20915
1123
1142
20839
20889
872
28124
28080
28050
28143
28067
28032
28130
28033
10948
28088
8214
28049
28040
28059
28076
23215
28084
28100
28052
9003
28117
28048
28094
28041
28036
28106
28107
28071
28044
28042
28082
28068
28119
28039
28064
28047
28109
28081
28060
28061
28089
28087
28054
28108
21912
28062
28037
28065
10901
834
3891
74370
3883
10870
48974
74385
3930
