2084
0
2085
2050
2080
2097
2028
2091
2165
2010
2116
2169
2162
2119
2159
2106
2059
2114
2026
2041
2101
2105
2171
2089
2087
2146
2016
849
2081
2095
2070
2021
9659
2891
9688
2961
9698
9662
9678
9687
9695
9680
9674
2963
9679
2922
9656
9660
9689
9669
2927
9658
9684
2947
9685
9676
2896
2925
9666
9693
8253
9683
9675
9694
9690
9225
2958
9665
9661
2910
9667
9655
9657
9681
9686
2894
9699
9663
9670
9673
3401
9697
9672
26397
12564
26420
26408
26400
26416
26402
26415
12558
26396
26399
2227
26401
26431
18567
26405
26413
2931
26409
19838
18573
26395
2936
26449
26419
2938
31079
31061
19954
31047
31054
2228
12301
53454
53498
2984
53520
53460
53478
53490
53515
53462
53492
53488
53469
53499
53487
53476
29878
53549
53461
53546
53459
53470
53500
53481
18568
53535
53475
53489
53455
53479
53508
53468
53464
53474
53538
53509
53525
53465
53458
53484
53453
53491
53513
53466
