20870
0
714
16270
20890
20855
679
20835
1123
3941
20848
20865
20883
693
20862
20884
3915
20903
4666
1606
1105
20845
20839
20838
18908
20885
872
20849
20908
20889
20837
20912
20841
12785
1142
8308
28043
28058
28034
28050
23215
28120
616
28045
28110
28051
28082
28062
28119
28107
1097
28088
28037
28116
9162
28093
28121
10948
28096
28102
28040
28052
28100
28117
8214
28065
28115
28109
12210
28073
28039
28112
28077
28144
21912
12149
28113
8088
28087
28103
28036
28033
1143
28042
28068
28069
28057
28041
28097
28095
28049
28054
28044
28079
28071
28056
28081
8341
48292
48293
23247
659
23238
23260
8331
23211
23903
48338
23258
48330
713
48380
48301
52480
11652
52479
52486
8337
30364
52476
52487
52506
52499
52495
30358
44301
3956
52485
30330
20450
8346
52516
4658
19461
53080
43128
1061
53087
30316
10985
30361
30386
75171
10918
10911
14395
14710
75199
7712
