20921
0
6719
7270
1749
14831
20910
20845
15762
20873
701
14760
21698
1700
21792
21791
1707
1733
21713
21672
21732
1742
21759
21676
21783
21816
3667
1714
1786
1805
21866
21751
1702
1799
21771
21722
21733
21847
1719
1682
21812
21744
1752
1793
21700
21718
21840
21695
21721
21775
21702
21719
3634
21677
21743
21726
1765
28110
52500
1689
3642
4658
1825
1788
43115
29070
52577
26974
52542
52604
52551
28972
52617
52600
52548
52581
28965
52528
30536
52618
52568
52563
52570
52579
52575
1710
1792
52574
52595
52543
52596
52567
3681
18139
52623
3668
1772
41169
30541
52573
7991
1172
