20982
0
77
162
20948
85
99
92
11963
22036
156
94
960
11970
22038
22056
31450
52
902
109
31441
31440
31434
31489
931
57
31437
31412
973
20137
157
971
128
30
11947
56
46
24
46903
38
23
46929
6
46912
46896
7
938
13
18485
55230
55217
32461
25143
11938
34726
12361
125
55241
55211
55207
55231
47582
55229
55212
11935
124
7587
55236
55232
123
50
55490
55500
55498
55496
37
55495
55491
55489
60855
11985
11951
60841
60854
60866
47269
30481
60844
67109
67110
20116
67107
67111
67121
67133
25141
67124
72986
72970
72971
73005
72964
73008
27678
72981
73015
72991
73017
34721
72978
47599
72993
73007
72966
72997
72985
70822
66696
27601
72968
73013
73002
72969
72990
73011
49994
72974
72972
73006
73018
72965
72999
72983
32403
72998
72984
70033
72987
73003
