210
0
211
311
287
202
335
245
266
241
204
243
269
284
255
190
184
312
360
277
267
231
355
314
236
230
306
420
327
315
318
286
406
229
357
193
256
288
234
228
313
291
336
212
191
362
217
348
213
303
3055
3080
3087
3052
669
36304
36291
737
712
9245
11541
39132
9226
11561
39108
9293
39647
11590
39649
39650
11491
11475
11554
11571
8733
14252
35770
11566
11505
41289
26822
26851
41337
61766
61710
61725
61793
11111
48418
61736
61714
61728
61744
61705
39662
61787
61797
56124
61723
61717
61749
61763
61713
61708
61711
61739
48495
61719
61753
61737
61747
661
61735
61803
61722
1055
61826
1606
61764
39685
61778
61796
61730
61742
8765
58553
