2107
0
2108
2099
2066
2018
2070
2050
2123
2021
2068
2012
469
2029
2117
2013
2038
499
2039
2049
2023
2074
849
2026
2037
2008
556
2067
2009
2173
2082
2145
506
2062
2022
2063
2143
2110
2137
2069
18177
1336
18163
527
566
713
18149
18214
4692
46032
16788
4859
40845
26357
3548
45983
46013
12591
46016
7646
27330
34070
43924
4404
19965
3527
30390
7677
4913
7439
454
4654
26557
46021
33217
6252
526
6255
16359
9133
7710
826
13559
3461
6263
6603
34071
58916
6304
2361
7647
41250
58929
4662
26953
50140
7650
3478
