2108
0
2036
374
3938
3923
3982
3949
2689
3953
713
3897
3496
3983
2996
3915
1187
3904
2598
3883
3936
3875
1275
3930
3873
3880
2248
3391
3966
3946
3882
2987
3872
3889
3905
3947
3903
3957
3907
3934
3879
3967
3920
3980
3894
3899
3913
3926
216
1303
3929
3874
4658
3568
4792
4680
4063
6746
7953
7958
10973
10897
3394
10896
10961
10968
1578
10939
10893
10878
10918
9641
834
10929
3375
10949
10901
10870
1274
16817
13518
12998
17451
7966
17439
5283
524
17398
8123
9834
17454
17495
17474
17455
17486
13108
15073
17956
19805
19860
12344
3013
24462
1336
26586
22535
22495
1317
14363
3561
36635
2906
1115
16464
25700
1641
22521
2969
14658
39181
5327
39184
3183
5322
39198
39214
1332
3159
2899
3160
12785
3348
5359
14601
12665
48978
20903
49037
15096
2286
14206
46515
1658
48998
3406
48988
16379
48976
8108
18104
57560
2313
2382
58982
8017
3374
1563
58984
16925
14798
11641
2610
13010
5285
12739
6008
24128
48241
69955
69956
7712
60308
5345
14220
2923
15208
17570
4536
17607
2493
5290
448
3494
24319
69945
