2124
0
2127
2013
2008
2073
2067
2047
2009
2023
2030
2027
464
2064
2110
3464
3521
3471
2301
3463
3467
3483
3461
3545
2242
3482
3527
3535
3523
3497
3544
521
3515
3513
3538
3528
3479
3519
3462
3473
3534
3536
3511
3490
3537
3468
3485
3466
3506
3502
2241
3492
3459
3549
3470
3469
3531
3507
3478
540
4396
4414
4446
4390
4424
2243
4416
4384
2217
4459
2255
4377
4368
2279
2326
4412
4404
4464
4417
2254
4363
4465
2229
4383
2230
2275
4687
4715
4668
4764
4700
4689
4670
4717
527
4683
454
4675
4754
4722
4696
4701
14575
9944
14584
16812
16832
4860
19000
472
16767
19007
6262
19004
19015
19285
19258
19302
19332
19351
19266
16842
19283
19263
19361
19314
16821
19292
19300
4822
16777
19312
19268
19309
6244
19276
6246
19311
19284
19344
20027
4913
16776
16801
4846
16790
20041
2306
4818
10786
4858
4896
20015
20030
4868
4850
7459
20034
18095
26552
12138
31122
25002
26892
32261
32251
32269
13626
4879
33512
13595
18098
25687
27551
39796
2224
16760
39593
39806
4870
16739
39832
26783
4855
39822
39808
16771
40450
40465
16772
16766
9929
21331
26458
526
43980
7646
28723
44133
18789
5610
44145
22122
45751
45763
45778
45766
45744
45771
10892
41072
45745
45758
45764
45761
45777
543
4823
49577
49588
60674
21271
44544
19987
60890
60891
60886
60892
65008
2314
67619
67621
26765
16755
74282
49145
4875
