21251
0
21253
21264
21331
21339
21343
21255
21265
7750
21326
21385
21323
21303
21275
2927
21319
12097
1369
21317
21300
499
21311
21356
21373
21320
21297
21278
21283
16819
16737
21357
21345
12527
21304
21252
21270
817
15949
21261
21321
12988
21266
21372
21259
21330
2291
21314
21296
21400
19017
21263
21309
2256
21257
2900
21355
21292
21282
21378
21262
850
19954
21332
21410
21286
21340
21268
4665
21307
19001
3491
21358
21344
21273
12981
243
20725
21347
21310
21402
2246
21396
21361
12647
21288
21285
21247
21272
12957
16738
2302
19029
10745
21374
7417
21287
21260
21246
21407
21349
21366
15924
21395
21365
4725
21256
21295
21248
21313
21351
21338
21301
1764
21298
21341
21305
21249
21274
7689
21364
21271
21312
21328
10808
7710
21386
21284
19011
849
21367
21318
21350
813
12293
21370
21250
21389
4429
21379
61334
3401
485
70335
2026
61309
70338
5576
2930
2353
4859
2021
25203
70318
44920
70334
4693
2070
839
18907
70330
7860
2225
2322
70316
70333
2008
70340
70088
3461
70356
