21271
0
21272
21315
21353
2291
21343
16737
21346
21259
12293
21299
21313
2900
21284
19011
21332
21276
813
21295
21263
21373
21326
19001
21246
21361
21335
21264
12097
21399
21372
21248
16738
21358
21308
21311
21359
21253
21339
12957
10808
21249
15949
21386
21312
21261
21331
21378
21257
21370
21275
21325
19987
21268
21297
21255
21283
21396
21371
21301
21294
21368
21288
21324
499
19954
850
21355
12981
16819
21266
21349
21250
21345
21409
21303
2246
21269
21321
4725
1764
21328
21351
21350
21260
21302
21348
21305
21317
21330
21403
3491
21256
21362
21379
21354
7710
21360
15924
19017
10745
21278
21285
21270
7689
21387
7767
21316
21365
21274
21251
21309
21252
21292
21298
849
21364
21300
21247
21287
21310
21314
21395
21334
21407
21282
21323
21390
21280
21402
2256
817
21262
21320
26783
4669
4701
5243
2037
24954
19024
20041
4416
3545
2124
2321
5644
18907
39153
839
70335
70318
39141
70316
61309
70333
70330
61334
70338
70088
70340
