21320
0
21321
21250
21271
21344
2900
12293
21378
21361
21298
21366
499
21269
21251
21318
21256
21303
21287
21273
21288
21263
16738
2256
849
21364
21265
21355
21282
16737
1764
21387
7767
21286
19954
2291
21354
2927
21358
19987
21328
21301
21396
21368
21305
21309
21325
10745
21341
813
21252
21410
21259
15924
21326
21346
12647
21313
21247
16819
19984
21264
10939
12097
21324
21270
21248
1653
21278
21370
12988
21392
19029
21255
21331
21283
21343
19001
21290
21389
3491
15949
2302
21262
21351
21402
21249
21330
21374
817
2246
21311
21300
21316
19017
19011
21285
21332
21349
21357
12957
21280
21314
21253
850
21407
10808
7710
21310
4725
21284
21275
12981
21268
15298
1369
21266
21292
21274
4429
60793
4680
6278
24954
2009
19024
12707
2037
16792
10695
839
16764
4677
64608
30087
10700
19020
64610
64612
64617
52843
38416
16832
16844
64615
64620
2930
11621
7975
70316
61309
70335
3934
2038
70318
44920
26142
70088
18907
7838
7860
39153
70340
7953
70336
39141
