2145
0
2037
2038
2062
7702
7695
7669
7719
7712
7700
7678
7694
7658
2945
803
2912
7646
3880
5762
7654
7690
2291
2324
7664
7740
2225
7442
7642
7687
7672
505
7689
4578
7688
6304
2256
1807
7668
7659
2302
7679
7706
7681
2909
7647
7723
7733
7727
5638
13375
7821
5644
24361
38161
2908
38156
2903
9160
7474
5576
1374
38149
38167
38165
38144
1722
7443
2900
10791
38152
7441
30166
9135
45700
1834
7483
26429
45696
45692
11762
9186
45690
10759
7469
27971
24171
26955
7416
45709
45721
45711
9166
45702
45691
45693
45708
10789
10744
10764
7447
43411
7454
9133
10776
7403
7408
9197
27922
4669
6671
27304
45694
27299
45695
7398
6603
43924
58887
58885
6252
41966
7459
6237
