217
0
251
314
228
291
261
183
230
193
256
267
284
332
204
213
245
306
224
231
242
312
234
288
241
313
269
327
212
303
229
287
311
210
211
335
266
277
360
255
191
184
286
202
185
265
243
215
376
247
315
357
417
11541
11545
11550
11523
669
11487
11555
11589
11590
11475
11492
8803
11561
11594
11490
11506
11501
11498
11584
11576
11547
11539
11530
11542
11491
3055
11592
11536
11513
11557
11529
11489
11477
11495
11551
8733
11588
11494
11488
8761
11556
11520
11496
11505
11571
11482
737
11500
9293
11564
11524
11582
11510
11575
11544
8671
11493
11554
18872
3080
39652
39648
39650
39668
39661
39662
39664
26851
35770
39674
3081
39647
39669
39654
9313
9245
58562
58563
