21742
0
21755
21683
3626
21713
21722
1714
1697
1765
21688
1777
1700
21783
21702
1755
21760
21818
21700
21681
21800
21820
21686
21787
21799
1719
21737
21765
21784
21748
21673
21672
21741
21721
1694
21725
21692
1779
21720
21675
21729
21739
21684
21690
21706
21710
21811
1682
40194
40180
40223
40200
733
2246
40210
40183
40184
40199
40254
40306
40320
41675
21494
59482
1782
28965
59567
48301
59503
59471
1773
41164
1815
33246
41165
3621
21569
3655
3631
41180
7964
3673
76068
41217
21562
21603
21611
3640
