21806
0
1699
21731
1714
21809
21751
21722
21718
21795
1779
1733
21690
21676
21744
21831
21691
21812
21729
21803
21675
21740
1765
21673
1742
21790
3620
1752
21685
21677
1777
1719
21818
21717
21726
21688
21674
1755
20921
21839
1682
21720
21774
21767
21827
21710
1789
21799
1694
21689
21694
21683
21698
21765
21681
21775
21700
21801
21732
3667
21679
21721
10415
75940
53025
75927
75926
8363
15977
43133
53143
75934
9080
36692
64436
52561
75914
15958
75916
75939
75932
11727
8991
75922
75944
26284
75931
34755
75938
75937
75915
48934
3643
75921
75919
26044
75947
75917
