21912
0
21910
21886
21892
21911
21915
14784
21953
4008
21948
21888
28084
20862
28039
20837
28124
28080
18908
28090
28071
28052
28100
10948
28058
3941
1105
20845
20870
28062
20855
28082
28113
28060
20848
20865
28081
28094
3968
28065
28040
28061
28112
28054
28140
12149
28067
616
28108
28049
28032
28048
28059
28089
28117
30349
13031
30363
30423
30409
4658
30362
30317
30316
3996
30358
30346
10934
20884
30354
30369
3956
30312
30364
30339
30323
21686
4738
30340
17093
3965
1745
17131
10911
30320
30377
30347
30397
30385
30348
52476
52499
52484
1182
72581
18062
