21926
0
2949
18080
21913
1764
7404
7966
10939
5316
8378
14710
4578
18313
26531
40583
35051
36683
40590
14736
34283
35876
13284
40653
7953
36722
1187
11641
14798
17086
43181
43191
3431
53115
3934
37620
53192
49605
53138
30817
53178
53169
53135
49659
49629
53118
53164
53174
6342
13108
53145
53219
34348
53184
49752
53123
53203
53125
53129
22386
53195
53147
22280
49695
53122
46298
13690
53130
49708
60199
60204
20472
14751
60212
20738
60280
3905
60176
60234
20479
60174
22780
60186
60194
60197
60178
14741
35888
24334
60193
14206
12785
10157
17231
62848
62840
62071
64486
12781
64480
