22069
0
20046
22100
2065
22095
22090
22133
2246
22104
1374
22098
22060
1656
850
5959
22094
2309
2306
4896
10767
2099
22143
2009
20015
20033
2008
834
22085
22117
22099
18790
1807
2945
4777
22108
22154
22134
22057
4935
22067
4680
22120
19937
16839
3461
22063
7867
22128
2255
2070
22064
22155
22121
22065
2324
22125
7750
2302
22074
2254
22073
20014
817
18805
499
22109
22131
22139
22111
22075
22076
3527
4404
4654
22114
22101
22089
4662
22103
22150
22127
2291
2252
2049
22091
20018
2038
22059
16364
6278
22124
2074
22141
22119
20045
4845
2241
2012
22087
2256
22118
4949
20044
518
4766
10786
4672
7836
22102
2908
22081
22122
4696
22083
2927
7398
41281
10911
41965
6663
16768
7694
42027
30332
7736
520
4694
7642
1369
7733
2987
26943
7459
26330
41967
7429
30386
10344
757
42016
3543
7444
5762
25306
7442
454
41992
2225
14643
4677
7678
26154
5677
15938
9161
33430
10747
7647
