22098
0
2008
22093
22061
2309
7750
2012
22094
1730
22066
22081
22151
16809
22137
2099
22060
16839
22100
22085
22138
2255
22067
18805
22083
20045
7836
499
22089
22109
22102
4913
22157
22079
22134
4766
20018
22136
3461
22074
22131
4404
20033
4777
20046
22099
2256
2049
2254
22115
4654
22166
12842
22120
22063
22106
22076
2241
22123
4896
22154
20014
22108
22133
22095
22148
2038
6278
22065
1656
2324
22116
22103
22069
22111
2023
22128
4680
20044
16364
19937
22117
22156
518
10786
22090
2009
22078
22071
10767
22082
3527
22097
2065
2306
22143
22114
22145
22163
18790
22104
2302
22086
22122
5959
2291
22135
22096
2246
20015
4696
22113
