22120
0
22121
22061
2324
16839
18805
2008
2256
20045
2070
2241
1656
3461
20015
2246
4935
10786
3527
2927
22130
22071
10767
22084
2012
20046
2252
1730
2049
22089
6278
2255
22076
22094
22123
19937
472
4949
12842
2306
2309
2254
18790
2074
16364
22122
20014
4404
22101
4766
22063
2009
4654
2945
22154
22098
4896
5959
22145
4859
9869
4429
485
25675
4929
2024
14624
12885
796
3314
2322
4822
4850
3490
430
3307
6318
25678
4818
8034
4392
4368
3434
4715
13705
18090
2301
20005
527
2225
4396
3337
4399
4365
4422
4379
2111
3332
2062
2217
2067
4393
2239
6324
2243
3329
4398
39616
3502
38465
2013
3469
4402
4363
4830
4878
4844
4945
46099
19954
5603
39832
5610
5630
12514
46094
5589
50570
2018
4694
20041
50542
50553
38530
14622
50549
50592
3414
21312
10420
12323
50586
50569
20069
2230
50572
757
7395
7407
7979
51693
34236
7649
5644
62356
19289
26913
7449
19982
24469
