2217
0
2263
2284
2347
2257
2306
2244
2275
2293
2276
2260
2250
2228
2240
2354
2370
2323
2309
2234
2326
2021
2249
2289
2238
2311
2330
2225
2290
2252
2216
2291
2296
2265
2280
2353
2009
2315
2333
2272
2111
2219
2295
2254
499
2376
2271
2243
2256
2387
2268
2301
2235
2242
2227
2372
2231
2294
2026
2224
2319
2226
2305
2279
2245
2253
2255
2267
2008
2259
2067
2316
2351
2042
2298
2258
2274
2229
2062
2241
2237
2269
3348
4372
4401
3319
4384
4367
2109
3292
2038
4455
4385
2117
4436
4471
4402
4380
4388
4429
3463
3307
4369
2124
3365
2070
2127
4393
4391
3343
4418
4405
3490
4379
4432
4422
4376
4408
4440
3366
4421
4414
4426
4377
4394
4445
4407
4450
4443
4446
3511
3360
4448
3314
4378
2013
4434
4399
3295
4375
4398
4451
4447
3336
4460
4368
4435
4365
4410
3357
4409
4374
4366
3332
3527
4370
4404
3337
3329
3545
3339
20012
4896
18790
4722
2022
2023
6278
1807
472
20005
3502
3395
32698
32695
3401
32691
32662
32658
32687
11855
32670
32697
27561
32663
4701
24984
33427
33456
33423
33418
7396
4696
35390
2892
35370
35391
37714
37729
37706
10882
1030
10883
22120
12523
10928
37709
3296
26766
3034
37772
12325
37792
37781
37787
37803
39552
39502
3471
39812
27557
27568
16760
10815
13595
41129
4675
41136
5586
7398
41150
41126
44854
12957
12665
44845
18116
47152
49118
8319
2012
25702
3535
1721
53250
7463
2944
520
7860
26588
60938
60927
71551
10892
71572
71555
10920
2092
45967
1028
26287
10900
43924
18557
50087
10953
10966
12537
72468
72519
72520
72521
72518
72526
72527
