2222
2
2223
2297
2306
2238
2217
2273
2021
2239
2230
2067
2225
2276
2324
2111
803
2353
2228
2300
2218
2244
2309
2265
1369
2252
2249
2384
2286
2236
2321
2323
2234
2260
2291
2334
2268
2231
2009
2243
2301
2292
2351
2269
2322
2026
2267
2280
499
2241
2062
2329
2333
2250
2294
2295
2253
2352
2008
2279
2219
2259
2311
2314
2382
2271
5603
18827
12093
7411
18789
14639
4715
18833
18808
430
5614
4693
18826
18780
5589
3491
4880
5663
15898
18788
485
16364
11285
12514
7418
3434
18809
5243
469
4949
18819
18804
876
18821
4396
18825
5610
26590
2108
26595
3478
26588
15835
3388
33404
33432
33412
5677
33443
3421
11273
4401
33402
33450
33433
33407
7396
22101
4752
33411
33447
33413
33424
33425
33449
33436
4370
4410
33410
2102
659
33416
33439
33414
33441
33409
3461
33426
