2224
0
2275
2250
2238
2260
2230
2243
2021
2376
2305
2231
2258
2237
2252
2257
2289
2263
2284
2274
2217
2298
2009
2234
2254
2333
2067
2228
2249
2311
2372
2229
2279
2268
2241
2256
2295
2226
2240
2280
2265
2219
2259
2062
2294
2008
2225
2330
2269
2245
2042
2291
2216
2359
2337
2293
2255
2111
2326
2370
2353
2026
2309
2223
2276
4373
4367
3336
4399
4455
3360
3314
3337
4364
3307
4440
4413
4467
4393
3348
3309
3366
4398
4444
3365
3332
3318
4415
4433
3339
2038
3329
2117
3338
4452
4390
3295
2102
4453
4384
4407
4365
4383
4451
4405
4414
4464
4382
4363
4374
4412
3511
3490
4439
2013
4380
4372
3347
4409
2070
4369
2127
4370
4387
4465
4375
3463
2109
4377
4420
4419
4432
4376
4435
4447
4443
4442
4469
4403
4457
4454
2990
4361
4379
4436
4422
4381
4378
4402
4437
4421
4371
4368
4450
3292
3322
3323
3341
3304
4366
4426
3319
3343
4456
4389
3357
4396
4418
4401
4391
3527
4471
4434
4388
4458
2124
4395
4449
4408
4385
4394
4424
4460
4448
4431
4362
4463
4406
4410
4445
4360
