2225
0
2226
2228
2231
2256
2246
2259
2216
2269
2300
2227
2236
2261
2295
2224
2241
2111
2060
2330
2253
1369
2361
2298
2309
2229
2316
2310
2240
2026
2329
2249
2244
2258
2265
2319
2239
2336
2289
2302
2217
2062
2042
2021
2305
2317
2333
2237
2324
2291
2353
2238
2370
2271
2234
499
2252
4408
4453
4376
4432
4380
4379
4394
4447
4436
4382
2038
4431
4429
4420
4365
4418
2102
4435
2070
4442
2990
4415
4443
3348
4386
4403
3490
4391
4413
2117
4401
4372
7686
3034
7665
7669
7732
7695
7733
7442
7749
7671
7721
4671
4680
7691
7647
7678
7649
7661
6702
7688
6304
6639
817
7694
505
2927
4694
6679
7660
1744
7662
7690
7723
7754
7659
1782
7679
7668
7642
7727
3315
7869
7830
7836
7838
7867
7900
2900
7441
4693
7396
1656
7821
5644
713
2936
3543
1374
1024
4654
10892
33453
4859
33423
679
19970
24984
33446
35379
35407
35378
2892
12338
35367
35384
35386
35363
35389
35388
35403
37706
22120
37775
37795
37796
3440
8947
37788
4677
25203
7412
3422
39731
39739
39756
8419
454
19283
20061
10939
2011
41281
10747
41994
41962
7440
44842
2903
34084
52120
7443
33262
7423
26900
9169
1619
10743
19954
10821
1840
4845
18818
60912
12879
1115
60920
60918
16839
60938
1679
31571
6755
62484
31093
18322
62471
8017
62431
62474
62424
62428
62444
2960
12306
8258
7426
62432
556
62447
31075
31081
62459
31259
45707
62472
62436
31046
62429
36507
66269
66293
10799
13505
1803
7408
1722
13705
10746
9166
26955
13601
19948
1764
21343
7953
4715
72518
