2228
0
2062
2260
2305
2311
2312
2296
2217
2298
2227
2290
2339
2021
2300
2258
2238
2376
2293
2286
2284
2244
2225
2265
2249
2240
2224
2268
2317
2222
2274
2236
2333
2231
2230
2243
2111
2309
2370
2252
2316
499
2353
2067
2060
2042
2323
2254
2289
2241
2330
2229
2263
2219
2234
2337
2344
2295
2257
2269
2226
2319
2251
2237
2026
2008
2216
2324
2250
4448
3490
4443
4418
4391
4431
4403
4379
4385
2070
4435
2038
4387
4440
4460
2102
4447
4399
4408
4402
4365
4375
3463
2013
4407
4394
4436
4429
4380
4415
4453
4401
4370
4463
2127
2990
4405
4388
4414
2936
4694
26766
4680
3535
1030
31050
31084
9659
31079
29876
9663
31095
12612
2931
9693
31047
2891
2119
822
9674
12301
2922
31069
9665
31092
2084
31064
2910
19954
9678
3401
2963
2958
31051
1563
7463
2028
9658
842
8258
2894
31070
2050
12300
809
7396
33423
33453
12325
2996
2011
12338
20061
4675
37784
44854
44856
2106
44846
5638
44845
44834
12957
44862
12665
7867
21410
2944
4940
2049
26588
8968
12565
849
60923
2984
2927
27330
26900
19982
3470
6252
9166
4700
713
2914
58887
9169
7429
3464
2092
72518
22060
37792
72521
