22280
19
7958
12817
5290
15869
10895
7954
3880
46301
3967
5363
49693
49598
49707
49701
37620
49639
49601
49674
581
49679
49602
49606
49665
49730
49692
49671
49695
20447
49689
14728
49715
584
49663
626
49681
22386
49634
49740
49662
49651
13108
1181
51197
713
51261
875
40615
53115
53117
53182
36204
53171
53162
53190
53144
13690
856
53194
53202
53168
53118
17086
35883
53114
53138
53203
40590
53121
21926
60189
10157
19672
60204
10918
9432
60176
53001
60197
60194
20479
14741
9436
48241
6155
12785
20738
4578
14206
60186
60244
12810
60237
60177
67546
41958
62840
67557
67479
491
67547
67476
67530
67522
62040
1274
72858
17431
3879
18080
