2229
0
2230
2326
2289
2333
2240
2224
2337
2228
2293
2227
2305
2062
2021
2382
1369
2275
2225
2226
2274
2009
2302
2321
2309
2243
850
2279
2291
2249
2231
2335
499
2353
2248
803
2111
2311
2260
2269
2237
2272
2295
2244
2268
2370
2259
2026
2217
2315
2267
2067
2256
2124
2127
3511
4436
4431
3360
4360
2038
3319
4385
4471
4418
3336
2070
3348
3314
3357
4408
4453
4403
4379
2013
2990
3545
4365
3366
4375
4361
4370
4380
1030
1024
4654
32925
3315
8947
12325
37772
7396
37775
16442
12338
41130
3471
3470
16739
21331
3502
3464
3478
60782
1679
12301
60944
