2230
0
2251
2279
803
2326
2009
2301
2224
2241
2302
2291
2337
2228
2026
2243
2242
4390
4420
3319
2127
2124
3527
4401
4370
3347
3511
4445
4429
4407
4424
3336
3490
4416
4377
4384
3545
4375
3470
1807
2945
4683
826
3543
3466
4770
4719
3491
4696
4764
4692
3469
1656
3478
2047
4673
3538
4700
4669
1759
2074
454
4699
3471
4686
4667
4665
3549
4689
4670
527
849
4662
2049
540
3536
3507
3497
4752
4654
2927
3502
3464
6316
6246
6252
6235
6298
2023
6333
2064
6245
6279
4858
6254
6238
6266
6242
6320
6249
6317
6278
6327
6243
6262
6237
6247
2027
7430
7439
7459
7503
7429
7426
7471
7413
7442
3483
3537
3482
472
19015
3468
19010
3516
19000
19004
19022
3535
7710
16812
3462
3534
3472
14641
3475
26553
12138
3531
26556
3521
2936
3473
26765
10892
20027
20005
1030
3485
3467
31122
31129
39805
39839
4868
4904
16739
19347
9929
2997
40450
40446
16790
40465
43975
20062
7646
28310
43974
43993
28723
43991
20032
44005
7687
43977
43982
43968
43970
24954
27972
8044
43980
7686
3506
20044
43994
45762
2030
4846
45746
20015
45771
20034
45744
30349
30390
19982
26900
16736
3525
45980
4873
16788
30361
12591
31112
13632
1641
18831
20072
41015
25203
50555
10420
30063
20069
20041
51671
51665
9155
16781
53206
30386
12965
27389
22101
59298
5610
10934
60689
30328
464
5677
10948
60674
463
2110
45595
71076
33199
71075
2947
7867
