2243
0
2244
2295
2252
2263
2230
2292
2026
2269
2250
2257
2361
2329
2249
2384
2320
2301
2067
2376
2217
2279
2228
2271
2264
2387
2273
2222
2241
2336
2265
2306
499
2389
2312
2008
2289
2309
2009
2224
2274
2219
2280
2337
2223
2229
2326
2259
2062
2254
2227
2281
2242
2260
2323
2255
2237
2317
4404
3463
4375
3527
3511
4383
4429
4374
4412
2109
2117
4417
4380
4420
4377
2124
4446
4370
3545
3490
4384
2013
4687
540
3470
3549
3497
3478
4654
3471
2074
3548
3466
855
4668
3536
3507
3538
4689
4700
4669
4722
4764
3469
2047
4903
526
4859
7491
472
16826
16815
2023
4870
16786
16790
16768
3537
1414
16782
16781
16750
16759
16801
16761
16848
2082
16760
16752
16789
16772
16766
16771
16755
16739
16797
16737
16747
3464
11283
19010
3472
3482
19004
3462
3535
3534
19015
19018
3516
6245
6262
19007
19023
19002
3502
3468
3483
20027
5614
3473
20007
26771
26765
26769
22120
35371
37704
5243
35370
4855
4868
19344
20012
39800
19053
4904
4879
18113
37784
20061
34005
3467
3506
43977
3544
20044
12138
3523
3521
43970
43971
3513
6317
3492
3486
6254
3485
31122
518
43994
6278
4846
49577
22133
2012
26913
49578
4815
49583
40450
4913
2064
40466
20056
51626
51654
39760
28205
51631
3515
19982
528
464
30415
60674
41968
3528
21284
60794
34150
60781
4858
3461
20015
19294
5650
22122
64989
59298
55801
44134
64986
40460
44146
65008
20688
46106
66293
29590
21316
27302
66294
5637
66276
24440
66269
66289
19984
68128
38390
68123
68135
68124
41072
69369
3541
461
30126
20685
70077
24436
72521
72520
72524
72534
7729
26553
44145
74280
5695
41023
596
