2244
0
2228
2259
2111
2224
2026
2266
2240
2262
2236
2310
2306
2245
2253
2314
2267
2335
2222
2252
2326
2261
2319
2311
2260
2305
2361
2237
2309
2231
2322
2216
2269
2291
2276
2334
2062
2238
2265
2366
2250
2353
2021
2294
2246
2258
2256
2333
2289
2255
2008
2225
2067
2217
2243
2336
2323
2241
2257
2226
2239
2337
2295
499
2042
2263
2229
2275
25203
4372
12516
4380
4694
33410
7396
4376
60928
2049
1619
4677
2117
2070
26588
2997
1807
2904
4056
2038
60940
1656
7867
4403
60927
2109
4453
2102
4396
60923
1840
4471
36610
4370
2931
12862
4940
9661
4401
3490
4859
10821
2127
18810
4366
