225
0
213
282
333
287
316
359
242
202
186
341
355
214
352
361
286
229
362
217
315
216
184
291
243
201
267
303
255
212
234
417
345
210
228
230
360
376
241
8684
8706
8710
8685
8719
8664
8748
8754
8660
8726
8678
8633
8781
8767
8775
8790
8669
8735
8674
8652
8797
8743
8738
8677
8803
8638
8683
8804
8655
8691
8705
8644
8724
8763
8750
8704
8749
8676
8762
8756
8731
8758
8733
8639
8730
8742
8709
8732
8736
8728
8643
8777
8656
8696
8741
8667
8808
8744
8713
8661
8648
8673
8679
8635
8747
8813
8714
8800
8792
8668
8640
8751
8737
8641
8665
8755
8694
8746
8712
8716
8701
8702
8772
8681
8692
8784
8663
8723
8708
8770
8645
8734
8745
8779
8776
8780
8687
8672
8659
8653
8689
8651
8636
8725
8711
8699
8693
8650
8707
8675
8757
8782
8773
8671
8802
8654
8637
8801
8649
8690
8814
8680
8682
8718
8646
8786
8760
8717
8703
8686
8729
8799
8766
8698
8666
8658
3081
8740
8721
8695
8794
8647
8805
8634
8722
8697
