2250
0
2251
2252
2274
2260
2350
2259
2026
2275
2243
499
2301
2320
2376
2228
2262
2302
2268
2314
2293
2240
2224
2372
2238
2295
2217
2009
2249
2311
2111
2323
2294
2236
2265
2244
2334
2354
2062
2067
2219
2225
2317
2222
2337
2279
2332
2326
2258
4377
4383
4407
3527
3545
3319
4403
4380
4440
3318
4444
4366
4370
4404
3511
3490
2038
4375
4393
4379
3469
3464
2064
4858
6278
2027
3538
2023
3536
3502
16819
3535
3482
2074
2047
3483
3466
16832
540
472
16794
20005
20027
26774
4654
4701
16771
16739
40455
40465
31122
40466
16737
16768
16790
40467
16766
16801
7491
4822
40456
16759
40452
16800
40460
16772
40450
13595
41260
4903
49577
4844
41261
4912
4913
4818
16760
4823
51631
51641
16754
4662
51638
39767
51684
28205
20056
51634
18112
51672
51658
1175
464
59298
16752
27875
16797
64989
17417
65001
1386
64991
2082
55801
22122
