2255
0
2256
2294
2224
2241
2217
2231
2302
2329
2009
2269
2291
2261
2325
2026
2008
2252
2301
2243
2249
2265
2336
2067
2235
2271
2021
2239
2322
499
2254
2240
2280
2225
1369
2296
2244
2324
2236
2234
2333
2279
2259
850
4419
4390
2070
3357
4370
4389
3347
3329
4381
3339
3490
4420
3527
2013
4437
3332
4405
3292
4440
4451
4374
3511
3307
4366
4468
4456
3365
4399
3319
3341
4404
2102
2038
4368
4393
3337
4458
4383
4400
3295
4395
4369
4429
4422
4424
3304
3336
3463
4394
3323
3381
2117
3366
4388
4377
2124
4373
4680
7429
1382
3469
2068
1030
10709
10733
4703
4777
3423
2049
1115
11274
4859
11286
11289
11279
11281
4715
4822
430
5603
11275
19905
3525
13639
13632
19884
19886
13609
13590
13591
13595
19891
4664
4879
3461
22076
22077
22112
22095
22124
817
6278
22086
20045
20015
22133
18790
2023
22108
22101
22060
4696
20014
22100
2908
22065
22069
4654
22070
22059
22083
16364
22120
22081
4935
22115
2012
22131
16809
22130
22093
22073
18805
2074
22063
22097
19948
22114
10786
22082
22057
22122
22098
22078
22149
20044
4896
22085
22079
4913
22102
22106
2065
24669
24687
24709
13645
3561
24710
2936
26765
1024
826
3535
3473
4694
18796
20007
5614
10892
20005
4960
35459
26724
35437
35461
35424
35513
35453
27551
27567
35488
3316
27876
35441
35484
35477
35430
13620
27883
35489
25682
35501
4842
32195
35491
35456
35466
11846
26750
35429
20009
35472
35476
11839
35495
30051
4912
4828
5821
13569
35458
35482
35492
27564
27568
35516
35438
29602
35460
35467
35446
27571
35452
27560
4878
31586
38458
5619
461
25707
38506
596
29575
2091
5623
38459
2051
38475
4903
38461
2044
18815
20191
8369
19063
3397
39614
39587
39574
15540
39600
25674
18841
12885
20012
39636
4855
6298
39623
39607
9839
39608
39589
6244
39582
39580
4904
27565
39571
39621
3470
39626
39595
39593
39602
39615
39573
39588
47150
47122
47154
47153
47159
47144
18563
47158
19292
47143
32663
45504
47165
16776
47164
18116
47166
15750
27550
47155
47130
19018
47127
47134
47138
47149
45494
47160
13589
36619
47136
45752
47146
15743
45497
27807
47148
47142
47121
15763
216
49148
49127
3313
11845
49142
4658
38081
16777
49140
49133
49149
45753
543
49120
49168
25203
19311
49146
20029
32677
4722
49203
49145
49578
18783
4824
49586
4697
4963
4823
25685
18090
26913
4870
4844
4721
3468
49590
19289
49576
4815
50950
4693
2088
42699
19007
4930
20031
50951
50934
4687
13705
50965
16768
10911
50945
50932
17896
31535
13625
3489
3466
3516
4668
526
60890
3471
4972
1839
540
60891
4675
44887
60934
60916
60924
60917
12565
36610
2050
1619
60933
14611
19475
19982
60682
53778
62418
4883
60664
29622
4850
26273
59654
6263
16772
679
43924
12833
26909
20069
2914
4749
2913
13618
19275
19256
4926
39802
58185
65642
19301
19365
19252
33512
65620
13668
58181
27431
16821
65623
65609
6318
4917
13612
19280
65619
65624
4885
68297
6687
27324
68338
12866
4671
68313
520
8148
4895
68331
71557
71573
3296
12569
27558
27557
71550
30079
42337
71551
71565
1386
17415
71547
11873
2092
71559
71583
4958
3305
37700
18857
11899
7411
3414
35366
50087
15154
41145
4882
16801
74287
464
4875
6245
44145
2076
16766
74292
16831
4858
74288
506
44002
