2260
0
2259
2293
2009
2244
2356
2284
2295
2250
2225
2218
2279
2241
2026
2315
2274
2223
2222
2229
2235
803
2291
2300
2224
2337
2253
2325
2219
2309
2273
2280
2265
2316
2305
2376
2217
2326
2111
499
2062
2262
2239
2313
2267
2353
1369
2351
2228
2292
2249
2042
2251
2216
2243
2334
2347
2268
2252
2008
2021
2352
2234
2237
2275
2294
2231
2333
2238
2384
850
4409
4361
3511
2124
4434
4370
2013
4396
4452
3292
4410
4365
4385
4469
4447
2102
4444
4364
4453
4425
2127
4420
4379
3490
4448
4360
4451
4405
4464
3329
3295
4380
4471
4377
2117
2109
3337
4408
4384
4390
4373
4378
2038
4474
4376
4418
26595
26585
15835
26594
26588
26590
17417
17424
26586
4680
4654
2936
2074
5614
4694
10974
1385
39573
16760
41129
41135
41130
41126
37784
12325
39158
35388
39562
41138
37772
3401
2018
4859
2092
