22705
1
22706
22710
21109
12444
22716
22701
21178
22732
22726
22711
22722
21162
16379
9985
22730
22702
22703
9988
10003
22715
22721
22717
9995
22720
22713
21146
22707
22724
10002
21150
22704
43504
9987
45151
43468
10001
43460
31345
21070
45185
43470
45174
43459
2981
45182
43487
12923
45183
16880
2445
45175
757
10004
21145
43481
3967
43457
31262
21194
45168
47014
9990
47002
9991
47009
46983
46982
47036
16271
46990
43469
46975
46973
9999
61636
9986
61625
61649
61633
61644
61616
12922
61631
45989
61667
61619
61630
61643
61629
43482
61622
61657
61653
61632
72849
