22724
17
21109
22721
21116
4805
21150
21178
22707
12444
9995
22702
22701
22704
22717
22726
9985
22715
9988
22728
21162
22720
22710
22703
22705
9991
733
31262
31345
803
9987
3967
43481
12922
41460
21070
43463
10001
43460
43482
43474
43470
43477
21145
43504
43468
43459
43484
2987
43512
4658
13790
45176
45168
21194
45183
45184
45157
45170
45206
45156
45174
45166
9984
8017
45175
45193
45162
45177
2969
45151
45164
45155
61616
61628
61663
61657
10005
61667
61643
61630
46982
61633
61673
61653
61689
9996
61624
61666
61662
61629
61660
61658
61677
61622
61644
61652
61671
61675
61626
