22780
0
22773
22757
22738
17589
22746
17618
22748
22747
14783
22798
22772
12140
57883
5285
33526
24128
14586
2899
32925
33634
22475
5327
25396
5318
35888
12793
37469
14206
10157
5359
60194
60178
53117
24325
6155
60176
40590
24334
4578
24332
60237
13518
9432
60187
35051
13690
3905
2923
60197
17102
24339
53118
10893
53173
60177
14741
60170
20479
10918
49629
12665
16464
60204
60232
22280
35883
7958
48241
3967
6521
20472
14710
713
6356
21926
12785
5309
60209
24665
60244
5290
60233
53114
24331
7712
60186
20738
