229
0
230
217
335
352
183
257
252
210
243
285
286
327
341
236
348
292
266
241
311
193
185
187
256
216
231
228
202
265
246
361
358
245
314
184
186
360
277
212
251
315
191
303
312
267
226
337
293
214
211
310
287
213
284
282
357
359
234
318
332
672
648
695
705
704
737
708
650
670
669
664
665
725
732
687
661
652
684
733
651
718
654
675
676
736
731
3081
3055
3098
3091
3069
3080
3060
13792
8374
13805
13839
12185
13791
1917
1522
13823
13782
13820
13838
13842
13807
1115
1606
3852
1482
5235
13788
1450
13799
12640
13830
13847
18865
11494
11505
18867
11540
10120
11545
11561
18869
10059
23149
23162
23153
32072
1479
31927
32090
31930
32108
32100
32098
32081
32097
1977
32101
32071
31929
34318
851
39660
11539
11590
39672
39676
39659
39671
29193
39662
39683
26851
3750
39669
37818
11475
9313
11541
39648
39649
39667
39647
39663
39651
9293
11599
39666
35770
39657
39655
39108
9292
31937
5246
809
45419
7257
822
14315
12637
