2292
0
2309
2306
499
2246
2326
2269
2219
2236
2353
2384
2222
2238
2277
2243
803
1369
2067
2382
2252
2239
2221
2318
2321
2324
2260
2009
2229
2261
2322
2225
2255
2302
2008
2231
2253
2291
2241
11275
11278
4860
4845
11287
4726
11288
11277
5603
4859
5576
5580
4892
10815
5610
11283
5589
485
11284
4961
4900
11286
11276
4945
11274
4822
11280
11285
5635
11273
4715
7416
4894
11282
11279
18815
18804
18792
18826
12514
4836
4885
4881
4949
554
18788
18854
18813
18821
5663
5602
18817
16784
18808
18828
464
2945
12093
4878
18780
18827
3434
18798
18795
4396
18797
3491
16364
5623
5583
5630
18796
4366
876
5588
4880
18844
1774
15898
2045
18789
4850
18819
7418
18805
12842
4693
18811
4725
216
7860
7466
15929
14096
25280
1807
14624
25198
5608
15892
4687
25202
15916
25203
33436
33415
4370
33409
26590
33412
33424
33449
33402
33426
16762
33439
3461
33416
33432
33425
4380
4410
33441
33433
33414
5677
33450
33407
46134
4831
46116
38466
3545
46135
46118
31587
46093
5567
20035
24407
4867
35790
46122
46162
4692
21013
46115
22120
2049
