22976
0
22977
23001
22973
23067
12066
23047
23003
8999
20536
22972
23014
23006
5627
23071
20537
22988
23038
22999
23017
22674
22990
23032
11214
22677
22979
22962
22975
23024
20519
22994
12068
22995
23005
23010
23008
23025
23019
23035
23042
22965
23079
23046
22989
20531
23048
22966
23098
23033
12069
22993
1225
12050
12022
23000
23039
20533
23049
22978
23043
22983
12047
23060
23004
23040
23064
23052
23031
20525
23070
23018
23026
74649
74661
29667
51390
27020
74611
74638
12035
12057
56934
74640
11232
74664
17222
11206
74652
74648
74690
