2298
0
2042
2275
2253
2231
2067
2026
2330
2249
2021
2224
2111
2259
2234
2216
2271
2274
2272
2217
2293
2353
2060
2337
2311
2223
2219
2227
2263
2269
2295
2225
2333
499
2321
2237
2226
2228
2238
2062
2117
2109
4467
4365
4415
4448
4376
4370
4453
2070
4436
4469
4401
4471
4435
4462
4382
4372
4413
4403
2038
4434
4379
2990
2102
4418
4366
35379
12300
35373
35419
35389
7396
5578
4680
37700
37705
37706
31079
7411
37723
36610
37729
37714
26766
44833
44852
44842
44856
44864
2106
44846
44850
44843
41143
44832
26399
44867
44845
826
44837
2011
44848
15349
31064
39562
44858
44855
44849
44854
44841
44853
12290
44861
37772
44844
2931
9661
50087
41130
72519
54093
72533
72526
2900
8947
2050
3401
