22980
0
22996
22997
12034
20519
22995
20537
1653
23057
9090
22963
23014
23111
23053
22994
23007
23010
12188
23063
11211
20601
22985
23046
23052
22973
20540
23012
23082
23003
23033
12043
20570
23023
23000
22982
20531
20513
23043
22991
12069
23022
23047
23060
23032
20525
22981
12068
23049
23008
22969
23072
23045
23024
20533
20564
23002
23025
12066
12022
23020
23004
20510
23037
20532
23040
12047
22989
22967
22992
27000
26986
26991
26992
27029
27013
27027
27006
27014
27001
27031
27050
1053
11206
27015
27011
44229
29667
53882
53894
53898
53872
53877
40532
60993
12074
38322
38301
74640
11232
74647
74616
74680
74625
74697
74664
74629
20518
20575
12057
