22995
0
20537
23003
22981
20519
23052
22984
23042
23068
23020
23030
23035
22994
23022
23004
20513
23048
23045
23039
20525
23070
1653
22973
23087
22989
22967
22993
23000
20570
23017
12188
23032
11214
23007
22982
23024
23063
20542
22985
22975
22979
22980
23023
22962
12047
12068
23040
23001
22992
23028
20531
23021
22997
12066
20536
23025
23014
1225
20601
22677
23044
22991
23047
12022
8999
22988
20510
23046
11211
23041
23078
22969
23002
20533
11206
26984
27014
26991
4063
27031
27050
1053
27001
26990
26993
20607
27015
27018
20516
9050
29667
53877
53882
2991
20518
74638
74618
74616
74602
74704
20575
12035
74639
74693
51390
11232
12057
74626
74627
74625
74652
74617
