23004
0
23005
22982
22984
20564
22978
23012
22994
22969
12188
23031
23109
22986
22966
11184
23007
1225
12043
20525
23040
23046
22983
22979
23064
23050
23024
23018
12040
8999
20540
22967
23048
23035
20519
22988
23052
12044
23045
12022
23057
12068
23042
22965
23063
22980
23060
23094
20601
23019
22985
23002
12066
23023
23082
22973
22981
23003
23043
22995
22962
22977
23089
22677
23106
23028
22964
23078
23010
23016
23015
20533
23025
23032
20513
23047
12034
1653
23051
22989
22968
12050
23020
12047
23001
23017
20510
