2300
0
2229
2321
2009
2021
2258
2260
2291
2324
803
2284
2225
2111
2219
2249
2246
2305
2326
2353
2240
2042
2238
2228
2224
2333
1369
2293
2062
2295
2067
2226
2237
2252
2269
2026
2234
2309
2216
2301
2337
2259
2296
2315
2222
2268
2231
2330
2376
2241
2316
2256
4375
4770
3543
1374
4680
826
2117
2070
26767
4909
4405
4372
1030
4365
4464
2127
13283
4453
10892
4370
2689
4694
3490
26775
2102
26774
26786
19063
4958
4454
3366
2038
12344
4859
1263
2996
3406
10821
4403
4379
16817
4443
4401
4366
2011
4448
2990
4415
5638
4360
4436
12338
38424
2900
4467
37772
62863
2092
72518
