23009
0
23048
22971
22989
20510
23017
23065
23090
20513
23070
22991
22982
22976
11184
22985
23047
22990
12188
12050
23034
23022
23073
22995
23104
23046
22966
22998
23089
23099
23032
23031
11214
22972
23012
23062
20525
23050
12044
22994
23026
23063
1225
9090
22963
23037
20531
12027
23014
23040
23024
23060
23094
23068
22978
23049
23128
22980
11211
22993
23130
22992
22973
23064
12022
22997
20542
23122
20601
23108
23023
23007
22967
23082
22677
23129
22977
23025
23019
23045
20519
23086
20533
23085
12069
12034
22674
22981
23036
22999
23003
12043
23110
23010
23117
23061
23033
22962
22969
23083
1653
23071
20536
12068
5627
23021
23001
23097
23008
12047
23028
23124
23101
23081
