23023
0
23024
23045
8999
23047
22969
20542
23007
1653
22966
12043
12188
23040
22967
1225
20537
23041
20564
23046
22994
22965
22980
23029
11211
23003
22995
20510
22992
23087
22988
23062
12044
12059
20536
12022
12047
23000
20531
23017
23001
23063
23049
9090
12068
22674
23015
23014
20519
20533
23042
11214
23078
22973
22677
12066
20601
20525
23002
22989
26991
27017
26992
27014
27020
26993
1053
27018
27006
27010
12036
27029
27001
11187
26990
27015
5717
20607
26996
27050
17222
53893
29667
5624
2952
9050
53914
53877
2991
53878
11183
1671
44368
29226
8369
70915
1606
70984
12026
