23046
0
23047
22962
22677
22988
22967
23082
12022
8999
12066
20601
20533
23049
23057
23001
23003
22973
22972
12188
20536
23070
11211
22963
1225
20519
23014
23052
22995
9090
12068
22994
20525
22989
22979
23002
23007
20513
23087
22969
23040
23045
23024
23041
22980
20531
22985
20542
20537
22965
23032
12044
20564
12043
22981
23017
23063
23028
23023
23000
11214
12047
26990
26993
1053
27001
26984
27029
27031
20607
27015
26991
27014
8386
659
2663
24176
36384
60993
12165
17222
74693
11232
74680
12057
44110
74652
56963
20575
74625
12035
74664
