23057
0
12043
23000
1225
12188
20525
23046
22967
22969
22995
22988
22996
23052
23017
20519
23068
12047
20564
23007
23040
22963
23020
23047
22991
20510
23084
23029
23028
12069
23087
23012
20537
22989
23050
22994
20536
23033
23003
23027
22981
22980
22992
12066
23002
20532
20533
12068
23043
22962
32305
44070
44102
44075
44095
44069
44093
20575
44111
44073
44119
4008
8388
44079
44083
44099
44106
44080
44101
20524
27020
74683
12035
74664
12057
38301
74654
38322
74616
74625
20518
11232
74647
74640
74677
74680
74617
12165
