2309
0
2310
2324
2243
2302
2256
2335
2062
499
2322
2231
2291
2244
2224
2246
2067
2320
850
2263
803
2317
3490
4407
2102
3463
4408
4431
2038
4375
4417
6278
6273
6261
1374
6324
6236
6312
6316
6252
3471
6251
4719
6260
2900
6242
6268
6265
6300
6243
2908
4777
4752
4658
7221
7270
679
7418
4700
828
7444
7459
7422
7412
7407
5644
4859
7441
7410
7521
505
2953
2037
7405
7468
7491
7416
7430
526
7439
7461
7469
7417
7443
7979
8251
7690
8244
8173
659
8325
7964
8262
6688
8308
8260
19992
10761
19970
19973
4669
15920
19965
19944
7672
7727
2914
19990
19941
19977
10772
19951
10796
19984
10810
10791
19938
19976
10805
19946
7642
19956
19943
7678
19937
19955
19971
19962
19949
19986
19996
19963
19954
10757
19987
4845
16782
10799
16839
12097
20046
5603
7856
4693
20011
20058
10808
20059
5635
4723
5650
20052
20056
20034
2936
20044
20047
12921
22120
10767
4935
4766
16364
817
24456
24474
9144
24440
24481
24406
11269
24461
2030
24467
16241
20685
24455
24402
1336
7838
1327
24443
24427
24459
24409
24415
701
24413
16282
822
24986
15880
839
2987
9633
3472
24984
1764
25050
19020
18818
2960
26894
2029
26955
7668
7695
27359
12293
27384
27360
713
21266
6719
27393
26122
3905
15200
27379
8107
7689
27930
2929
33192
33215
4063
33241
26590
33457
7707
34007
34005
10695
813
12785
18322
20456
34017
12973
856
34041
20450
10785
4686
38173
38398
27302
38391
1744
840
38390
519
528
27320
38416
38407
38402
11658
38395
38428
8014
1803
27280
21297
39154
21274
15924
39145
12988
15888
10745
21267
5762
10774
21264
39150
21343
8013
47960
47965
47955
47953
47958
27290
47961
39767
51678
12306
7658
17008
25223
7723
10918
10801
10747
54208
10789
14666
10734
34089
3526
10803
10777
1722
24361
5599
16768
67875
67859
21356
67852
9665
68124
68135
68117
68118
68128
68123
68142
36485
58887
1113
27972
7733
9166
10763
34069
68920
43969
70078
70077
30126
26335
70068
20782
66265
16755
21309
70072
70062
70061
70069
70081
20725
10696
70070
20688
70082
26291
13620
26553
19002
16766
16819
