23146
0
23147
1958
648
5195
684
13838
695
674
20313
723
23179
13802
243
23172
13781
675
23142
715
703
730
13830
13788
229
13784
654
1606
1471
736
1574
698
731
650
710
669
13787
671
702
13834
687
721
727
1115
697
23155
23197
690
672
706
708
1515
1519
23151
655
725
1533
677
728
32078
13785
31912
32088
32070
1566
31911
13819
2759
717
32100
1476
13809
4061
1543
683
646
31930
13818
32081
5200
228
1506
13777
663
1552
1555
1454
13811
31921
678
32086
1559
32082
704
32102
32091
1942
13805
32092
1456
13806
719
32101
32105
1567
1465
32085
31918
32094
692
32107
13780
1570
32098
13773
13832
13807
694
32083
31928
12123
2760
32090
13801
32099
32109
13823
1502
707
1992
3852
1917
32074
741
652
32075
720
1996
32095
664
716
12113
13821
31910
31929
1870
665
32093
32077
1463
738
699
32076
1927
729
656
31927
5197
32106
700
32072
32071
32108
13799
1938
1536
13816
1486
12900
32097
45606
45646
33249
45590
45621
7310
