23163
0
23164
672
671
13784
5195
1519
1533
23179
1958
687
703
13830
706
23199
655
698
736
677
23160
710
229
654
13781
13802
13787
690
715
13838
23168
13834
708
674
23165
23166
702
13788
23156
675
23172
23151
1574
243
650
731
1471
23197
23201
716
683
2759
1463
1548
37397
707
37339
5241
37387
37383
678
37358
1938
31922
32224
1947
1567
719
37349
37333
37341
692
37356
704
729
5201
37352
700
652
1917
37353
1506
1555
37403
32101
696
37334
1870
37392
37394
649
2857
13785
31913
656
1476
741
12123
37425
646
1489
37354
37419
5246
37365
37364
665
12113
666
37384
12640
5224
718
5217
24904
1536
2791
1456
664
37385
728
1948
31911
1942
37401
5216
24823
689
13794
1882
5235
37406
37348
37369
720
5214
37355
37408
13773
5252
717
37389
19115
1522
1543
1478
694
37407
1552
688
2866
1530
37399
1906
48418
13821
48413
48416
24862
1554
13833
48458
48440
48503
48491
1546
48401
48513
48396
13817
48414
48508
48515
48496
48484
48398
3815
48451
48439
48435
45796
3828
37816
48411
48397
48441
48428
5244
48481
48406
31934
48437
48470
651
48405
48494
5197
1977
1450
48420
676
45850
3813
13780
48429
48498
5206
48476
48493
48479
48518
13811
48488
48486
13793
48407
48474
48422
31917
48408
13847
48456
48417
48410
48495
48421
48524
1547
48450
48502
48434
5227
48423
13782
48404
48468
48432
48453
48483
13776
48514
48399
48510
48454
48501
48466
48505
48402
48497
48424
39471
48471
48465
48442
1469
48477
48507
45851
5213
48517
48415
48462
1529
65341
58508
1559
1500
1927
1477
2723
71235
71194
33696
60535
65344
1566
1465
2811
12900
45800
71183
