2317
0
2237
2042
2368
2284
2245
2328
499
2267
2268
2271
2301
2062
2225
2238
2291
2300
2231
2321
2361
2276
2111
2251
2228
2295
2294
2265
2309
2241
2354
2252
2242
2229
2243
2224
2227
2336
2269
2250
1369
2067
2302
2259
2021
2316
2332
2315
2324
2330
2216
2305
2297
2256
2263
2326
2306
12523
37720
4680
2038
37701
37703
4380
4370
2117
2102
2049
3490
54092
54117
7964
5243
1764
54120
54164
1807
54088
33189
54085
33223
7650
701
23948
43479
54087
9155
817
54109
54142
5762
10344
33237
54105
556
5285
713
3880
2927
33221
54126
4710
19790
7653
7979
54095
4725
54131
6340
54090
36333
2996
3566
54107
7953
16222
14666
3491
60616
520
2900
60622
60614
4406
7838
1840
60625
4686
18818
2984
2931
60664
7649
6272
60626
60630
60631
60623
4401
46220
30699
3087
16768
8080
679
7442
4734
43924
59261
45595
63705
13632
10785
2914
4694
63690
3470
7648
7707
19954
12344
72159
2109
16817
9661
