2321
0
2302
2246
2009
850
803
2291
2361
2324
2256
5644
4859
5630
2945
4845
7393
7407
861
7429
2904
2037
7412
7438
7488
757
7474
7435
2908
7448
7455
7442
7398
6302
6663
7642
4766
7662
4680
7707
7640
7666
7739
7698
5762
7649
7672
7723
6639
7665
7660
7686
7690
1807
7695
1744
7727
7733
7641
7710
4671
7654
7732
7681
2049
4777
7658
2927
817
7650
7651
4674
7754
7668
7736
2909
3491
1759
7867
701
14577
14611
2903
13559
2070
4049
1656
2997
4662
3087
4687
3967
15807
10799
19982
31798
4658
31803
12306
14080
2900
1028
24189
6688
40807
1374
12832
8170
9928
24343
27384
7979
26144
33031
6024
34069
6013
4734
4752
856
2038
4686
7964
13375
6340
54167
662
54109
5792
6611
2975
38164
41398
6294
20933
15912
8080
48758
12850
42043
43946
