23239
6
23249
8333
23260
5844
1182
23290
20489
23219
23227
8360
23216
23232
23236
8356
23275
8337
23228
23246
20456
23245
23281
11658
23234
23304
12929
23334
8331
7257
23254
8341
23292
23212
23235
863
23233
23261
822
11652
23213
23276
23266
701
679
23241
23253
8359
14592
23282
23288
617
23285
23208
17113
23301
228
23229
23280
23211
11736
23238
20261
3958
23293
831
23247
13359
20235
20450
23265
23903
48321
48317
3013
48328
659
713
48335
5842
43040
48356
1081
48280
3905
48349
48326
64012
64036
64027
52031
