23238
0
23239
3964
23265
23258
5050
23213
8360
7257
23273
23304
23236
23266
11652
23282
23225
23234
23254
22620
11736
863
23212
5844
8356
23215
23219
8333
23245
8359
20235
23226
228
23227
20489
23229
23230
4734
17113
23216
617
23275
831
23211
4658
8337
23247
23261
23262
23241
23232
23287
23249
23260
1182
23246
8331
679
23208
23297
23292
23288
23235
48325
48335
48349
48308
48330
20870
48295
659
1081
48289
18162
48303
48341
48326
48296
48321
48280
48328
713
23903
1105
48356
48282
3394
49046
3877
13108
71093
6333
71102
1653
6253
2987
71070
17126
