2330
0
2271
2339
2258
2009
2216
2290
2311
2272
2289
2225
2265
2067
2111
2026
2253
2353
499
2269
2274
2337
2236
2312
2219
2344
2249
2217
2298
2240
2231
2060
2305
2333
2228
2238
2291
2226
2223
2224
2234
2319
2237
2254
2021
2062
2317
2245
2259
2281
4379
4391
4453
4407
4404
4380
2117
4429
4372
3490
4439
4432
2102
3336
4408
2038
4448
4457
4462
2990
4436
4401
4471
4435
4431
4387
4403
4418
4370
4365
4376
2070
4447
25712
3936
25708
2049
2904
20011
4725
10974
2037
2936
26766
4680
4694
37706
37731
37716
37729
12300
37714
37796
33423
37795
37781
7396
37772
12325
37775
7801
41129
35391
2011
10939
12338
20061
2931
41281
12591
856
9169
1619
4674
52135
817
2900
1744
33459
14611
4940
7660
4672
11762
1840
30386
10743
10911
72155
44854
5638
12294
