2361
0
2323
2239
2242
2243
2297
2320
2301
2067
2225
2249
2256
7443
8353
10799
10843
5599
5442
10840
7672
7727
10767
7979
10786
4483
7502
7964
6304
10790
10787
5792
10835
7417
7480
10805
10824
7694
10781
2013
16799
16829
16789
4417
3489
16759
16745
2077
506
16801
526
3527
16749
3466
16763
13518
16755
6324
2082
16808
2074
16848
3469
16839
16782
3471
4658
24491
7953
701
8260
24458
24397
24471
24464
4729
19990
24413
20685
19984
24469
16241
19956
7405
1656
24436
4429
6278
7830
22060
24461
19987
7270
1764
7414
810
7429
2987
24984
4394
3459
518
15880
4669
839
2038
18818
27312
27298
27307
20034
27302
27289
10911
19952
27280
27285
27290
27320
528
6719
27313
19948
27292
27279
1803
4859
2953
27278
18805
20688
730
27288
27336
33429
4777
679
7396
33440
33422
19970
5243
33457
3461
4838
34826
11777
13522
38316
1115
13543
38332
38403
19960
454
20061
38396
34007
19974
38399
3462
38442
38419
38394
2936
519
19991
38421
19954
38425
38400
34111
7470
38410
38404
4386
38393
38392
19965
38415
38432
7466
19994
3406
1744
38389
38406
38426
21297
38397
38388
19937
36387
19944
19961
19968
1606
1563
9005
7867
216
2960
2971
10926
556
31738
39145
41092
54221
37081
856
7441
54197
3478
6237
19982
58891
46011
2022
58886
41250
58894
58900
34071
7486
7685
34070
7398
34089
3544
3536
30415
56513
3502
60690
3516
486
41281
3526
4846
4700
43969
3535
20725
70083
70082
68135
26338
20766
70063
30126
26335
10696
19946
21356
34001
19943
70071
43928
19963
70069
70062
6317
70065
68124
70070
34010
70078
