23855
0
23865
23877
23888
23829
23867
23839
23917
23897
23832
23816
23853
23842
23818
23826
23800
23799
23902
23834
23892
1063
23857
23907
23864
23810
23896
23860
23838
23828
23870
23805
23802
23871
23796
23866
23836
23821
23894
23812
23806
23824
23873
23831
23874
23803
23809
23869
23904
23798
23804
23854
23885
23863
23852
23830
23835
23813
23900
23859
23801
23884
23817
23833
23847
23895
23797
23905
23875
23879
23837
23927
23841
23823
23872
23861
23814
23825
23876
23808
23856
23932
23849
23912
23883
23815
23878
23840
23811
23906
23820
23868
23843
23910
23858
23925
23899
23890
23891
23844
