23964
0
4558
4587
4483
4566
10188
10177
4532
4477
4485
22916
22917
16664
23987
23990
9089
24025
23971
4501
24004
4600
4556
23985
24074
24003
4542
4523
22904
5792
4488
4494
23963
4487
23962
4500
42840
30814
13292
42835
14783
42860
42780
26644
42801
9583
42828
42850
42874
42806
42790
10245
4580
42807
42839
37067
42809
42768
42853
42783
42890
4533
42847
42855
42798
4478
42815
42774
42636
22914
42827
3908
42879
10159
42838
42857
42818
42792
41545
42796
42825
42810
42845
42772
42789
22910
42781
42775
42773
42770
42778
42767
37836
42769
42799
42800
42844
42795
42846
732
42831
42793
42842
42803
42820
42836
42771
42837
