2400
0
2472
2503
2459
2449
2540
2413
2467
2555
2458
2409
2534
2445
2488
2516
2463
2564
2406
2402
2410
2533
2423
2478
2378
2403
2510
2529
2508
2426
2541
2418
2442
2434
2499
374
2483
2417
2411
2539
2464
2491
2457
2495
2470
2422
2584
2427
2432
2401
2509
2416
2574
2450
2461
2517
2446
2484
2575
2528
2437
2536
2433
35680
35698
35715
8954
35692
35658
35730
35650
35671
32796
35653
35745
35684
35726
35647
35718
35676
35711
35709
35667
35714
35712
35674
35682
35734
35662
35701
19080
35723
35746
35666
35695
35731
