24113
0
24128
6441
3899
24125
5283
12921
9035
10372
12866
3889
713
13518
24116
24117
24115
17439
24122
1303
20252
6431
5275
3938
58189
3894
3561
5373
58214
3905
1317
6116
12750
56683
14367
3936
58161
28734
3186
13010
33584
39214
22521
8562
6115
3589
58192
58208
26695
12785
22531
28095
659
23258
12171
13831
12184
41541
22902
5294
12222
1061
59708
11654
11637
41823
3939
36480
13797
7783
4584
59657
712
4729
7891
701
59696
714
24326
12786
2689
7788
19225
14722
43625
7830
1046
711
1105
22304
4658
59656
12160
1127
1063
28131
1739
20888
3880
