24122
0
6431
5283
20252
13518
1303
24128
3087
10372
24116
3899
1374
5300
17439
5275
4808
47725
43949
14295
47703
41923
47750
2517
3898
16046
1641
901
3254
47708
9524
15610
17560
10893
47665
55648
55684
55693
55682
55730
55677
15011
55654
55650
55735
55744
55646
55711
36998
55645
55668
55692
15033
55623
30737
55709
55636
55673
55706
55621
28937
55637
32610
55616
55719
55639
55659
55617
55741
33437
55708
55644
55765
55703
55672
55733
55687
55628
6405
55626
55642
55729
55634
55641
55613
55620
55625
14727
55618
12120
37023
55737
55651
41838
55629
55619
55700
55683
55663
55728
39433
55660
22798
55697
55670
41768
55736
55739
55664
55643
55705
