24148
6
24149
24184
7221
24150
24151
24196
24165
24155
24154
24183
24189
7245
24153
24162
7244
6606
6688
24170
803
24176
24187
18657
24168
7465
7441
7682
27924
27957
27969
7668
27949
27916
27982
27953
7240
27948
26003
27958
14672
2324
20052
27943
27915
7964
27923
27951
26035
30148
30119
30132
14585
30114
30120
29522
30182
30158
10802
30118
30204
6611
6603
30185
30175
30122
30198
6024
20223
30144
30170
30142
30153
30160
20933
30159
26152
29533
31901
14080
51408
14596
14081
52798
62627
498
22838
24410
6294
33430
62571
54720
37135
62558
62569
33030
56284
26068
62602
9212
62572
62578
14577
62595
62576
1656
8082
1815
861
50482
62559
31352
