2418
0
2378
2438
2473
2475
2437
2483
2455
2411
2467
2420
2445
2536
2521
2510
2497
2470
2423
2432
2532
2586
2402
2450
2421
2533
2555
2442
2468
2594
2569
2413
2491
2401
2493
2463
2464
2426
2427
2457
2495
2417
2405
374
2554
2409
2516
2441
2449
2400
10494
5290
10531
10561
10468
10555
10560
10559
10503
10525
10562
10546
10528
10504
10567
713
10486
10471
10547
2949
10588
10500
10476
10530
10467
10536
10542
10513
58126
5373
58124
58118
58114
58116
58127
58115
58125
58128
58123
58117
28730
58122
58131
58129
58119
58130
58121
58120
72542
28349
72560
28745
72536
50831
72538
72559
72550
72556
60308
10157
72545
72561
32796
72563
72558
72552
28729
72557
72568
25267
72549
2919
72543
72553
72548
