24213
2
24221
24208
24226
17400
17464
1402
7836
2009
16433
24249
464
2026
4687
16781
2927
8868
24212
849
24235
17429
2021
3491
2121
532
17389
3433
1376
7881
15160
7861
2062
7848
16421
3425
17418
17384
3341
4420
2109
25638
2111
26594
29615
1373
2327
29623
834
17390
25648
7834
2033
7843
29604
17416
27855
29639
29594
29603
29601
25652
17442
27842
2042
27408
29577
16445
4852
15449
1257
4440
17392
18554
19076
27819
51091
51086
7853
3410
3423
51136
51100
27788
51125
17842
16470
2996
51146
51099
2117
2353
1369
36786
