243
0
341
228
229
646
697
677
719
702
654
665
692
729
706
703
716
728
715
707
694
708
699
690
656
663
683
710
678
731
672
717
698
695
700
674
650
704
720
741
671
675
738
652
655
664
1479
1519
1465
1555
1502
1570
1476
1574
1543
1567
1486
1536
1533
1552
1566
1506
1454
1559
1463
1500
1515
1471
1456
1942
1977
1870
1992
1958
1917
1938
1927
1996
2884
2760
2759
2825
3852
5195
5200
5197
12123
12113
13788
13801
13773
13832
13818
13816
13821
13805
13811
13802
13777
13799
13784
13787
13835
13823
13827
13806
13819
13780
13838
13830
13807
13809
13785
23146
23172
23197
23155
23147
23179
31910
31921
31911
31918
31912
31930
31927
31929
31928
32098
32090
32093
32097
4061
32078
32086
32094
32085
12900
32082
32091
32083
32084
32103
32077
32109
32101
32072
32071
32095
32081
32105
32069
32092
32100
32070
32079
32073
32096
28250
