24328
0
3434
15762
14206
3877
24334
24331
6008
24345
24350
24324
24353
24332
4578
24339
14223
4063
24326
24319
35892
11641
12773
35876
35941
35888
35870
28649
14220
12804
35919
12822
35915
12785
7953
35881
35879
12787
5336
35896
35897
12786
31192
701
20738
36678
36683
12671
36738
36692
36701
36716
36671
36674
36686
36681
22926
36084
36722
34937
679
40578
40633
40640
822
24459
6719
21816
40620
18313
40594
40590
34283
11669
40595
1792
30529
11654
40572
40586
40574
40609
17587
40582
40667
8378
1719
30543
40598
40569
26036
40613
40571
14736
40575
40588
14770
36463
12799
40625
14710
40622
40581
7946
40603
8107
40618
40583
40651
40584
35051
40593
40615
33256
40642
40605
