2432
0
2433
2470
2488
2564
2541
2510
2586
2557
2569
2437
2574
2398
2417
2550
2562
2533
2539
2445
2472
2534
2520
2406
2456
2442
2458
2516
2484
2461
2427
2499
2464
2422
2411
2540
2446
2547
2523
2478
2401
2553
2467
2413
2426
2449
2549
2434
2584
2528
2575
2447
2435
2509
2491
2463
2440
2460
2416
2508
2441
2495
2423
2400
2485
2378
8837
32806
35709
35663
35712
35718
32790
35684
35680
35683
35678
35745
35746
35742
35695
35727
32797
35658
35693
35734
8954
19080
35676
35682
35732
35730
1641
35686
35726
35654
35655
