24343
0
7712
24357
7668
5959
7270
713
7821
7658
14080
15762
6024
20933
33031
14151
18741
14081
33027
26146
26019
15925
24187
33046
6679
6294
26060
7671
33011
14668
33010
29524
38148
3426
27384
7727
14596
7732
28955
5762
38152
18594
13375
38147
7647
803
5644
851
28965
27971
14094
43257
48753
1646
1641
48698
22918
48699
6316
30118
12841
7666
26974
7979
48729
48745
48727
48714
48737
48735
48747
7964
8019
51391
14146
34219
51386
51367
51366
26011
51382
51370
51378
30170
51381
51397
51380
51383
51392
31901
28986
6005
6044
34195
2321
6030
7681
6023
51689
31859
6719
6002
1739
5992
