24413
0
4429
24423
499
24441
20685
24418
7681
24419
9144
24470
8244
19956
24408
24411
4407
7505
24445
24469
8572
485
1656
8325
24432
20059
16269
7447
24416
24439
701
14585
2324
6294
7319
7468
10772
24456
24464
7478
7705
10761
6304
7830
24417
8260
5638
803
24431
24444
22060
2309
16358
2291
4693
7725
24400
6688
7838
2361
24410
7900
24455
24397
7678
7221
12671
3464
24415
24467
828
24398
7651
20056
2009
24426
7405
2030
24446
24440
24421
24420
24458
7682
6278
19938
7964
24497
24443
24465
24402
24435
7979
24406
2302
24401
4715
4894
3545
3434
3461
4368
3525
2301
2012
4722
20033
4654
4859
6244
4686
7856
4377
4883
6318
25680
17918
527
25697
2306
3307
2023
5639
7416
4383
25675
8110
4822
3490
4845
20039
5635
3319
4696
20011
2027
6320
4777
25685
4860
25255
18797
2900
5603
4687
26138
3491
2321
35786
20072
5623
1369
4949
11288
35801
5630
31586
35792
18796
4680
35788
4694
1744
22073
8419
44131
44100
7423
1721
32924
43924
19982
2022
45986
45969
4873
7646
34007
46011
41998
2230
4404
38388
4913
46018
26900
45997
20015
526
6255
454
19966
7449
41388
19954
34070
27976
45983
1821
26557
45984
1028
6252
19961
2914
7644
46004
26775
45985
2936
26287
16839
41281
3548
1724
45967
45979
540
30374
43969
7687
16762
19939
27296
41414
45990
9133
6237
4417
7677
46000
4394
7398
2953
22059
38405
19937
45973
10892
7439
19948
33217
19965
4692
1722
2021
1374
2062
63548
2070
4752
43897
19976
10750
10777
5442
2038
10803
4766
7710
7669
2026
63524
24984
