24420
0
822
24397
24416
24432
2009
24424
6304
7705
24458
6688
2291
7830
20056
24445
10761
3652
24484
18801
24498
24453
4658
7468
7725
24427
7651
828
7979
24464
24399
2309
12671
2030
2324
24433
1656
7221
7405
4693
7964
24436
701
20744
24501
2361
24435
24422
24418
24443
24398
24457
24413
24489
19923
24440
24409
19956
24456
7953
24444
24441
24403
24425
24419
24430
7838
7900
24421
24438
24446
19984
803
24431
24439
2302
8325
24401
24406
7678
15267
45120
45103
45128
45114
45077
45098
45091
45123
14637
45089
45115
45097
45087
45088
45075
45108
7438
42083
45140
45082
45078
45096
45139
45102
45117
45105
45133
45099
45132
518
16782
19963
10767
70061
30126
2256
66265
26335
528
2038
7491
19974
27302
10799
