24459
0
19923
7953
12671
822
701
2302
3013
40589
11672
12786
40598
20910
40608
40630
649
40578
30543
34463
10898
713
11654
24328
14770
6755
20876
20883
2987
18891
4063
14349
40668
36701
40571
40629
40623
40575
40601
40586
40602
40609
26535
1764
11669
6719
40572
16270
40613
40617
21540
8991
8333
40664
40632
40676
40593
40569
40605
40570
1563
36463
5243
8107
831
36709
7946
842
18916
19171
8017
40580
14592
12079
40604
1719
36722
20889
40603
40610
2256
14376
40642
40660
36672
40600
26036
8378
40606
40619
40667
