2445
0
2533
2406
2434
2516
2422
2413
2491
2467
2564
2547
2523
2458
2540
2520
2435
2433
2485
2584
2449
2423
2446
2574
2437
2400
2398
2456
2427
2562
2432
2484
2416
2460
2550
2493
2464
2549
2586
2510
2417
2470
2553
2569
2472
374
2441
2509
2440
2531
2499
2401
2461
2541
2442
2463
2378
2411
2488
2478
2539
2534
2508
216
35695
35680
35732
35745
35730
1641
35712
35706
35709
35693
35682
35684
8837
35663
35746
35718
35678
32797
35676
35655
8954
35658
32806
35689
35654
19080
35727
35651
32790
35683
35734
35742
2949
45186
8113
8074
52285
3560
60903
45445
