24456
0
7838
19956
7505
24419
24440
7651
3500
24459
20685
24402
24458
2302
2291
24457
20744
24420
1656
3464
2309
24413
24464
12671
7830
3013
7964
24418
2324
803
2030
9144
14585
24433
8325
19984
6278
7979
24443
8260
7681
7900
822
1336
4658
24484
7468
518
10799
16749
526
4669
3489
24988
1764
15880
2256
25018
7429
9633
3880
3471
2987
18818
19020
3472
16782
7270
839
6679
3526
26308
14643
26330
2297
26307
26335
19955
3505
556
1709
713
3905
27389
27396
26122
12293
10808
12957
20052
27373
9678
27362
26174
6273
7417
21267
21396
733
39141
10745
2960
39159
21343
39154
10774
39162
850
4431
5762
12097
39145
15924
7404
12959
39152
27922
21274
4777
28259
7965
3957
856
27320
7710
7723
10764
10747
2909
10801
10789
5644
49905
7658
7975
7441
43429
7694
9141
38298
54194
7257
2903
679
54200
12792
10744
10918
27971
54208
5578
18658
54209
10750
1762
714
61309
8761
61332
7867
21370
18596
817
50494
7992
3490
7491
43969
20061
528
2310
3034
21297
19963
30126
6237
