24469
0
4658
24402
2309
4728
24423
7468
5638
6688
24474
499
2361
7651
6304
4729
7964
24458
7678
485
24464
19956
7900
2009
9144
7838
1656
24413
24456
10772
2291
2030
4407
7705
22060
7319
7830
2324
4693
701
24410
7405
4671
26284
7666
26913
26283
2960
20019
6315
7399
7668
7654
3461
26272
26273
4056
6262
26958
826
26895
6259
2935
10808
26905
26969
26951
7415
2074
4777
19982
26922
12565
12971
4052
26963
7416
11711
26901
14577
15436
4929
26953
16753
2927
10743
7398
26943
20014
26938
26892
4404
26281
26920
7695
26965
6272
26942
19959
26957
26900
2029
26931
6256
2975
4677
4694
26293
10892
26944
505
26927
6286
26923
26275
7493
20028
7432
26269
9169
26280
26914
7423
6255
679
34089
7685
7736
34120
10786
34069
20046
6243
2903
6312
7642
28369
2028
34082
34083
27330
16801
19965
34101
2908
9678
34073
4394
7443
7650
1374
31950
49851
45094
49890
49863
2900
4674
7202
44889
49921
49909
4680
3543
49925
49865
4714
2336
50372
19762
4718
50357
4662
50382
27947
50366
4846
7860
19658
62370
62380
62383
62362
43925
62382
10799
7723
43921
3548
60664
4859
22081
62398
62356
22101
6303
22120
62363
62353
53778
60682
54221
62360
62358
58889
4725
25703
25203
26271
20038
4903
2008
7449
62413
2012
62355
20054
7422
18095
4902
62352
4654
62351
38173
29622
4822
26165
22103
38405
26270
25686
43944
3549
62388
62366
62367
62393
4696
54237
7852
636
3511
57278
37564
1369
7459
10911
4896
18615
68913
7658
68921
2013
1722
27973
861
68916
2225
3471
4700
4431
4719
10777
4717
28370
68914
68910
40775
24189
26559
12591
7694
5589
454
68920
4870
41127
8080
6320
3490
13705
7403
68930
3470
1803
7442
10763
540
52827
27972
13601
2301
856
1641
72349
72352
72362
13741
72343
