24536
0
24532
24610
24582
24634
24598
24566
24572
24539
24625
24547
24557
24646
24578
24590
24584
17561
24542
24529
24555
24627
24537
24640
24630
24562
24586
24604
24628
24614
24554
24545
24642
24616
24560
24623
24576
24626
24641
24544
24638
24631
24602
24535
24608
24633
24543
24559
24526
13405
24551
24619
24546
24611
24617
24552
24615
24569
24601
24591
24571
24609
24637
24533
24632
24553
24656
24583
24589
24636
24531
74098
74111
43748
74121
74106
74105
74097
74120
74110
74119
74124
34884
74115
74101
74104
74099
74126
74114
74113
74107
74102
