2467
3
2468
2532
2401
2398
2464
2528
2555
2402
2433
2442
2553
2404
2547
2554
2569
2449
2541
2493
2405
2450
2475
2463
2483
2437
2440
2516
2461
2400
2412
2435
2533
2492
2495
2458
2497
2477
2421
2438
2448
2422
2470
2575
2417
2520
2564
2426
2460
2523
2478
2550
2418
2411
2484
2447
2445
2510
2413
2480
2537
2378
2473
2410
2409
2434
2536
2494
2456
2574
2540
2485
2406
2423
2584
2557
2457
2488
2580
2491
35726
35717
35715
35658
32790
35662
35682
35718
35647
35692
35730
32787
35731
35684
35698
32796
35722
8954
35663
35667
35711
35691
35695
35746
35676
35709
19080
35655
35745
35650
32806
35710
35723
35734
35693
3560
28349
55845
5373
55909
12785
20641
45186
57322
14111
10588
2949
69928
69955
18104
2969
69974
10560
17628
4536
60308
69954
