24717
0
24718
13645
13632
24743
24730
24684
24771
24780
24775
24727
13635
24748
24738
24673
24739
24766
24683
24792
13688
24669
24692
19895
24672
24674
24709
24753
24688
24668
24772
24707
24711
24687
17896
4709
4659
13674
17918
13648
13598
4664
13577
10815
36922
7471
13698
13634
430
3525
13609
4707
13675
17885
49455
13666
19894
13572
13640
45495
10341
4926
13668
13597
19376
17887
19306
49419
4655
13595
58439
13578
13599
3588
19893
4879
13669
19915
13590
4666
33504
13676
58435
42580
13568
4717
6690
13684
13589
13643
13573
4440
6693
58419
13705
13594
13591
