24823
0
24826
24831
649
12645
24904
24915
1947
24910
24841
24868
24843
24882
24836
24887
24894
19103
24861
24816
24863
24891
24866
24814
2753
24845
24895
1916
688
24872
24856
1941
24815
741
1946
24858
24853
24859
1852
1942
24862
1910
24857
24917
24834
24914
1857
24883
24851
1989
19115
24885
24824
24820
24854
24916
1940
1856
37359
1882
37352
689
5217
23163
1912
704
13830
5224
5210
5235
1870
665
729
32224
37369
37347
37379
710
243
652
1493
1948
672
37357
31911
31922
3815
708
1574
1977
1906
48456
48417
48472
48428
13821
48404
654
50190
50614
50632
50618
1862
1924
19100
1887
50620
1872
19102
50641
50605
1980
685
19094
37219
53262
34904
1953
34869
34873
53306
1878
31941
1930
1874
733
53270
34301
34249
1973
43270
53264
53272
65576
50205
1965
65591
65596
65582
65585
19091
65584
65577
65586
12646
65578
65603
