24824
0
24825
24858
24861
649
24831
1857
688
24918
24891
24871
24834
24826
1916
19115
24817
24843
24867
24816
1941
24836
696
1946
24850
12645
1947
24885
24882
24904
1940
741
1951
1856
24835
24917
24877
24863
24864
24907
24894
1852
24844
1530
2753
1942
24823
24840
24895
24854
24853
24927
24893
24859
24820
1548
671
23197
665
733
707
728
677
698
31915
646
1996
1522
729
7965
1977
1501
655
19101
5197
13830
31924
13785
31932
719
31922
31917
243
31911
13807
14354
2882
725
31927
7975
690
700
1912
31934
675
1519
1574
722
708
1471
1851
672
1870
13821
1874
5195
2866
654
692
1570
12900
1882
39466
39468
1958
13853
2811
13847
39460
37338
3811
39471
4061
1972
693
39463
673
34869
34873
53270
50639
1930
53285
53272
34892
1948
7836
34301
53295
14714
53284
53297
