24834
0
24835
24851
1951
24870
24898
649
24860
12645
24856
24817
1941
24885
24895
24830
24831
1940
24836
24824
24826
24841
24893
688
24843
24840
24917
1857
2753
696
24876
1947
24859
24823
24820
24918
24887
24857
24882
24819
24821
24844
1852
1856
24829
24902
12848
24854
24853
53284
53277
53295
34249
34923
53263
34892
1874
7836
1878
53265
6825
1854
733
53272
34902
53267
50639
31923
1948
53291
34873
34899
4063
14714
1871
34924
34917
53285
53264
53270
20477
34301
56518
56520
13838
56530
56524
56525
56522
56526
56521
56529
