24831
0
24834
24826
24829
24868
1910
1947
24858
24820
24856
24843
24812
24854
24851
24824
24893
1852
24870
24828
24835
24844
24827
696
24886
24821
24855
24920
24830
24840
1951
1941
24901
24860
24850
12645
24884
1857
741
24908
24873
24866
649
12848
24823
24871
24853
24859
24869
24814
24898
1940
24836
24882
24934
1946
1916
1856
34917
34920
685
34873
34902
4063
34871
1948
34870
1878
34869
34924
3750
53264
53287
53259
53265
53289
53311
1854
53317
6211
53320
1874
53261
53279
53307
53273
53288
40588
53281
29139
1870
53318
3568
1973
6204
31923
53331
53324
53328
53302
53312
43254
6194
53329
53334
53293
53271
53310
53269
53326
53304
53298
53330
37219
53291
53313
6825
1950
