24954
0
6304
2987
19010
2256
25051
3513
3471
10799
4658
16749
3472
3515
19020
4719
2301
19987
2302
1764
3477
3522
3459
16782
839
3500
3556
3464
4667
3531
3545
19023
3535
3497
3473
4414
27972
3502
4764
2127
3478
2013
4689
3462
6262
6317
2230
3516
3490
3511
2297
3483
2326
3521
3469
4384
43993
3534
2047
3505
6252
43968
3470
4675
3527
2049
5673
4846
2074
3536
2291
45751
3507
4701
12097
4717
2241
2027
3526
4870
60674
41281
5243
527
21300
16812
2026
813
18926
817
802
60900
4670
4696
10695
13283
2936
5630
2927
3568
38416
7801
4657
6279
851
10903
6247
48995
10970
7412
10939
18905
4729
3905
14224
