24984
0
2361
826
10799
18818
24971
2309
4669
16782
7270
6304
2038
2302
2256
7429
19156
4667
2225
2990
2291
2900
2042
33457
7396
2217
33403
2026
2226
7707
2908
31243
7641
1807
4683
4665
5762
41032
41036
1656
41077
18596
4662
1374
13632
3543
1115
1641
757
2927
41047
15762
41046
41074
802
25203
8080
1369
2049
20072
39782
22354
1030
35389
2021
849
12524
3348
4403
2018
60916
7867
2062
1744
1840
2333
2070
2984
4379
7488
2223
850
4694
3336
43946
60934
60937
12516
3491
4436
31601
2353
16839
7860
499
7710
4725
14666
19976
7830
3526
4766
63565
38173
26414
43897
12093
67861
12425
7838
21356
67869
19984
67857
34017
7716
31110
67877
27320
67894
34006
67858
67866
34005
67876
4044
10926
