25020
0
25021
25069
25026
25030
25027
25029
24979
25088
25039
25059
69345
69336
69328
69330
69326
69337
69335
69339
69331
69347
69338
69340
69344
69332
69334
69325
69349
69348
69818
69862
69834
69778
69785
69847
69816
69766
69881
69872
69806
69827
69800
69747
69815
69905
69770
69720
2969
69898
69748
69820
69781
69788
69769
69744
69772
69749
69719
69805
69741
69774
69852
69855
69813
69823
69727
69730
69804
69758
69833
69841
69723
69717
69867
69784
69726
69757
69767
69807
69732
69832
69733
69771
69798
69796
69831
69878
69863
69721
69737
69809
69792
69786
69763
69821
69725
69718
69754
