25120
0
25129
177
7600
960
11955
92
129
25101
25127
25098
25147
908
25130
9811
22037
4204
124
894
85
936
25126
99
932
25119
5027
2233
959
25106
5132
25097
108
25143
25112
983
25124
25096
954
25153
970
18510
972
4108
25095
77
13446
4213
25132
994
910
25099
25105
25145
2341
39691
964
39709
30496
24603
39714
44
882
4212
39713
39693
157
39717
39697
4185
66
5792
39711
31990
39716
39703
907
39706
39702
934
39710
7591
39708
27535
30477
34726
11986
5028
4187
46653
46663
46626
46685
7601
935
66700
35223
2355
45014
