25137
0
2233
25107
25108
108
25099
25147
25111
908
901
7600
11955
161
25105
25125
6928
25119
31961
31964
31971
31967
31994
32008
31980
31954
32004
31991
31976
32013
31997
31957
32002
31959
2278
31963
31956
31989
31978
31972
32003
2313
31968
31999
31995
32010
32018
2248
2350
31987
2369
32000
31990
2341
32015
32005
31958
31969
32021
31984
31955
2355
31965
31952
31981
32006
32012
32014
31992
31966
31982
2247
32023
20145
13
67051
67045
18480
67082
67068
67067
67025
67007
67021
67022
67036
67088
67032
67050
66
4085
67027
46944
67059
67010
11976
67083
52
7587
47269
50038
117
3240
70047
70025
70046
70003
90
45
