25198
0
18797
2322
5589
5610
4859
4687
25223
18808
15923
6302
7650
18817
5602
15929
499
2291
25210
25202
11283
485
21011
11288
4860
7466
5608
2321
5606
25263
25214
1181
14096
12514
7860
5603
5580
876
7416
3560
4900
12989
25233
5635
4845
15898
2324
11282
3898
25255
11273
216
2903
14624
25280
5644
5576
4836
2292
15908
5630
15892
4892
2908
1807
31593
2306
3568
6624
11621
5617
4693
31629
4694
1115
2904
4766
1374
2246
2009
4662
4665
757
2049
4680
1656
3491
1369
7867
4672
4734
4752
41434
10939
2900
71463
3880
856
7966
30374
4716
3434
5582
