2521
0
2541
2533
2470
2432
2457
2478
2450
2555
2409
2442
2461
2516
2534
2400
2493
2413
2510
2554
2435
374
2531
2463
2498
2427
2584
2485
2484
2412
2451
2433
2569
2446
2564
2488
2421
2537
2434
2406
2418
2536
2520
2410
2528
2458
2411
2405
2464
2401
2495
2448
2399
2547
2575
2540
2581
2449
2438
2402
2460
2447
2557
2482
2426
2514
2407
2437
2422
2423
2378
2508
2468
2483
2550
2594
2445
2532
2553
2574
2475
2467
35718
32787
35651
35676
35655
35731
35680
35698
32790
35712
19080
32806
35723
32796
8837
35746
35691
35726
35709
35719
35666
35715
35692
35684
35671
35695
35658
32788
35745
35663
35734
35662
35732
35689
35714
35717
35681
35722
35678
35667
35682
35650
35672
35706
35693
35737
35674
35730
32797
8954
