25349
0
9
25357
22
25397
6898
25330
25402
25344
25328
25403
85
25322
99
75
25316
92
25315
4334
25362
12689
25355
129
22442
25406
4081
4
25348
16732
25371
25342
25376
77
1303
25377
25373
4127
7613
4105
29920
29929
29883
4169
6904
4179
4077
6945
9757
13412
29922
9776
937
6923
4113
12709
29949
29910
84
4152
13449
958
29906
29919
6914
4249
4164
944
29953
29955
30007
6900
4109
30022
29991
30003
4122
29973
29986
12678
29969
4092
30002
29979
29967
29995
29961
29993
4123
29984
30028
995
30020
933
29966
29996
29982
29965
29975
17278
29964
29983
29962
30004
29954
29988
7597
29968
12681
