26511
0
26534
4483
12188
714
12205
9035
26535
10209
4578
26509
1055
1606
216
1052
12671
53005
52997
53009
33800
53053
30543
12222
9050
53036
53060
40641
40623
53028
18080
52998
53033
52991
35026
8991
12035
53097
53034
6755
53078
53002
53027
53004
8386
53000
30550
20500
30532
53035
53041
53082
53021
53023
40621
53068
22249
30527
52994
53015
36722
52239
53051
58394
58391
17490
49652
53129
49625
6342
5316
53113
49638
49724
53118
2899
67381
49702
30571
49679
30544
67427
20454
491
67397
4008
49629
3880
49684
46301
67446
3923
14738
9387
49699
72872
53194
3879
16464
3934
16868
17086
34348
72858
13108
22280
9436
6624
