26594
0
15479
26607
26590
17840
26587
5596
9838
3305
26581
17854
17848
7834
3389
26614
17417
2260
4896
19076
26582
15829
17400
3388
26585
531
17429
3335
15486
26589
17389
3356
17847
26606
17483
22270
16435
543
3372
26601
16433
1402
17870
27423
3421
17395
27412
532
27407
3295
27425
7859
27409
27408
29612
29622
29601
7861
17452
3433
4852
2121
1373
17442
27842
29590
30090
30058
20032
17435
2012
5614
5673
4868
586
20006
2230
60701
2038
60705
60700
26739
60731
60697
60699
60698
499
71550
27571
3319
71573
39604
3464
39623
2092
4398
18120
2047
74594
3361
74583
