26822
0
26823
26845
26824
26798
9245
26816
213
26804
26851
9273
9226
26828
26830
228
9293
9313
26801
183
5454
26805
9292
26811
26812
184
26799
360
26840
26846
26797
26836
26806
26825
26835
26841
26818
11590
6375
26831
26796
26837
26853
26832
26815
335
26839
311
9239
26826
11561
11594
26813
26833
9342
277
41311
41293
41294
3087
36126
3055
41342
191
41296
41301
41318
41322
39649
265
9258
41326
210
41313
11541
9247
41323
288
41302
41298
41312
190
41339
39106
312
41306
230
11475
211
369
41337
41289
41335
234
41330
39093
255
