26894
0
26945
6272
26152
2309
7668
26929
24151
6024
30185
30160
7245
29524
30142
30213
27916
10802
29519
6308
30136
18256
24170
30122
24175
30125
30144
6300
30182
30161
30186
30199
24168
29522
20933
30118
20939
26035
29533
30124
26003
30159
30155
24162
30177
30235
30132
7221
26047
30116
6603
30167
30207
30129
30143
24187
30123
27963
6277
30117
30183
6307
6236
37641
14638
37669
27365
26466
37643
6294
37659
37630
30622
37648
6275
37640
37646
37667
6273
37638
54115
6340
54192
59467
59474
37081
6237
59549
59516
59564
59491
24149
59494
59472
59498
21847
33231
48301
59520
28965
33239
59558
21086
28596
59552
59514
59508
59499
