26900
0
7416
26955
7423
4056
26890
505
4694
4404
4052
26907
10743
24469
26916
7415
12565
6262
10754
26908
7426
26891
3461
26925
7666
26914
26889
826
2935
26899
2927
19982
6259
7432
7398
757
518
19966
27336
1841
27296
2914
7642
27308
4859
26567
4429
10911
27330
454
7687
2936
540
1724
45967
3548
45984
6327
16762
19937
41388
19954
6237
16768
46067
2230
6252
7646
19965
6312
7650
51414
51465
5243
6243
15425
2903
52120
2908
4673
2225
2984
7443
12141
2241
7393
7974
2321
12832
1347
4692
13559
4049
1374
4766
1807
2038
1424
7442
27973
26023
8080
34091
50357
4662
2228
43944
68930
63739
10747
2013
861
34069
6260
3490
10837
4719
34100
68934
6303
52827
13705
4700
