26909
0
4056
4404
26912
4052
4815
20028
2074
26293
757
6256
26891
20019
6262
20014
26917
26911
19982
26951
26938
26920
12565
26905
26902
4694
7654
26892
26280
14577
26910
4777
4677
2029
26895
7493
14639
26914
26959
7399
26903
5638
26272
6259
6286
2927
6300
2903
59275
4734
16768
2008
4662
12833
63704
485
10344
63701
1807
12850
22130
8094
849
20069
2324
2018
2021
7732
6302
4766
22101
556
25203
4700
2321
4903
7650
7830
59309
59264
63691
4667
4749
4692
2241
35846
430
7707
3433
1374
10785
59261
16772
63703
7443
2945
4859
5599
2255
8080
3491
50134
2037
7662
4949
1369
