26913
0
4815
26925
7695
26953
826
26900
26269
7415
4052
26931
6255
24469
2074
26273
26927
19959
26504
7654
4694
26152
20019
7416
4404
26938
6259
7399
4929
6256
26920
6315
26280
26919
14577
7432
3461
4056
6262
7398
2309
679
26899
20028
757
26955
20014
2029
12971
26965
7493
2958
26914
2927
7666
4677
4903
18090
13595
2255
4823
4703
18095
2243
2124
594
4870
4844
2013
49584
2049
4764
49578
4377
4696
4717
4697
4664
543
4048
4818
20017
3468
13609
2008
18091
430
2023
13635
588
3502
4383
3482
4721
4912
2067
4846
3478
4822
2012
22133
4963
3511
3609
12832
57288
6281
7417
22101
15425
45698
57277
20054
40775
1424
38140
57296
26271
25686
22081
11807
3491
1374
57315
4662
57301
2038
25203
51316
57307
2908
2903
57276
34082
20038
1807
7442
4675
57321
14645
7650
25234
15457
1782
1303
59549
30166
27947
60682
25703
62365
54221
62369
2291
4902
37564
38459
4945
62355
62370
499
43921
62362
43944
34089
62358
17918
62393
4654
4850
62387
22120
4859
7257
62354
62353
62384
62376
62374
6303
68909
68921
19948
26023
27972
34065
2047
9186
5589
68915
68928
4896
861
1803
34069
68944
10777
34091
6243
3470
68917
24189
5644
2914
10911
2009
7660
540
713
39795
19762
2301
68910
3490
34083
2900
7430
8080
2225
6320
68931
4700
28370
68916
3471
48702
68913
13705
27330
7443
4719
68914
68934
