26953
0
26929
26269
6272
24469
7493
26947
26893
7415
26900
4694
26925
7398
19982
26972
26913
505
2935
20014
26293
2309
826
26943
6315
7399
12565
9169
757
2960
10892
3461
7654
19961
4680
4687
4674
2990
34128
2291
6243
3543
2904
3491
43917
1369
20005
43946
16768
7442
34080
4662
2063
636
43926
520
2012
41250
4766
1374
2009
4692
20045
12580
43938
1807
19937
2037
12885
38142
2008
43965
43942
2908
4044
7650
34083
43914
2903
7458
22124
7642
23297
6328
2361
463
6237
29524
58916
7685
34070
2107
7727
7647
4394
7459
30390
34102
521
4913
2336
1829
50140
6304
2022
58911
14576
58929
34071
58895
58889
3462
