26992
0
23007
5680
22980
27047
27039
12068
27051
26996
26989
27056
27024
27022
27027
11229
5717
27026
26987
26984
44079
32305
44078
1653
1671
44075
44076
44124
8444
44256
44265
44269
44204
3087
5724
12034
5713
44201
44189
12026
44284
44221
44215
44211
44253
44208
32358
11219
44276
44266
44210
5600
44230
5627
44273
44213
44257
44244
44199
44198
44278
44240
44255
44227
44245
44224
44218
29747
44226
44279
44203
44258
44216
44235
44191
44236
17755
44217
44272
44190
44223
44263
5625
44268
44267
21908
53875
23063
5624
53882
11195
53932
11214
53872
53892
70931
70921
70902
70918
70948
70922
5656
70969
29265
29669
70979
70950
70967
70919
70903
