27019
0
27020
9049
11187
712
26993
20533
12068
1060
1053
72702
16425
322
12217
24243
72643
1158
72725
11140
14815
22234
11025
6385
1052
36022
11075
732
42874
72721
51708
72698
16666
35046
1185
9492
72642
1189
72689
72728
72662
12169
72707
36087
37843
72674
3966
7766
72682
72649
72699
36051
12244
12786
12250
72661
4808
62111
22396
72636
361
10206
72664
1127
11111
72663
72668
72645
72648
10191
72692
72711
54754
72665
3880
38697
72700
72679
11037
13382
22926
37282
72652
11067
72716
12219
4008
54780
72653
54770
8780
72656
72671
72638
26534
37259
36023
31146
10957
72676
11093
14754
9432
3431
4483
24290
19197
