2715
0
654
2782
2811
2804
2823
2800
2745
2873
741
1920
2880
2854
2746
2783
2839
2884
2729
2781
1882
2856
2877
2820
2741
2771
2760
2743
2875
2753
2834
2882
2759
2742
1912
2751
2772
2714
2871
2755
2756
1938
2785
2747
2724
1570
2723
2763
2805
2825
2787
1543
2795
2738
2764
2833
243
2821
2849
2791
1921
2857
1992
1870
21025
21029
21020
5259
14980
21026
1917
21032
21018
21027
21017
21030
21022
1916
21023
21033
21016
1529
21031
12643
1851
3840
37349
50209
45859
50222
1932
1571
50194
37418
50189
31929
50188
649
50190
45849
50218
19102
688
1977
50193
31911
37369
5195
37355
704
50212
1548
37384
13847
652
1942
727
34869
1567
733
50208
37360
50203
718
31922
37364
50211
50195
1478
665
50205
50198
37338
50192
12644
1862
700
58518
58511
13792
694
58533
1501
37375
12640
717
32080
58525
12113
37362
1958
58542
58539
1552
695
13774
1906
37409
8397
1459
3837
58520
32245
39039
23179
58513
58521
32073
3811
677
58522
56520
699
58508
58527
58512
1494
1456
1500
13798
58506
45811
37370
656
45869
13837
5221
37347
1546
1506
1492
708
58535
58514
1522
674
678
34983
58519
1486
58528
13799
5235
1465
58503
13835
710
698
5201
3440
58550
1507
1536
722
65343
690
5246
664
65341
1565
1454
12900
37403
728
1516
3844
705
12123
1554
36298
1555
716
13830
646
65344
65342
666
71196
71181
71204
71193
731
67829
1927
1566
71221
1477
71235
71222
672
71210
45800
71213
37365
71184
71218
71186
71209
71188
60535
1559
1574
71197
