27330
0
7642
16839
27299
19966
4404
2306
2914
10743
7650
2908
6312
34075
24469
7443
34069
2903
7439
6262
6256
9155
34085
34082
6243
26166
6260
6317
28369
1374
19965
45988
6237
45967
6327
6252
45983
7687
26287
45997
41388
1028
7644
16768
7646
43924
9133
19954
45974
19982
20062
6242
802
2246
7686
4662
4398
2241
16800
27979
472
3490
51653
7415
4777
2900
7432
9131
10747
68925
2228
38164
68930
26023
55434
26955
68927
68920
20014
4723
26013
6303
68914
68913
27934
27972
9186
4700
7408
15425
10763
50357
861
7430
68923
5644
7442
68915
8080
7459
9169
4719
