27380
0
3880
7393
15431
27385
26143
10808
20052
27366
27393
21266
21287
26164
15885
713
12293
27361
27371
12957
4658
18589
9678
27374
3905
27384
15448
41398
43405
56268
56255
24189
33046
56256
56303
7736
7407
32115
56291
15425
56246
21314
12971
2910
7270
26975
9694
56252
14104
56264
12970
56307
14096
14128
39154
2119
12309
56273
28960
45726
35397
56279
33023
56244
30177
33430
56304
53229
3401
2894
56284
47776
56277
56293
29532
41410
14668
2891
6294
14093
7465
56318
10774
56254
12965
21298
7671
31055
56265
47764
33001
56240
2963
56271
56281
56241
14638
10745
6696
15900
33266
15882
45907
56313
12959
26146
12514
24154
50170
856
2958
7681
9144
15432
14089
33192
36377
