2741
0
2742
2771
2720
2723
2787
2740
2817
2819
2826
2772
2724
2838
2721
2755
2833
2795
2814
2774
1992
2830
2706
2743
2807
2725
2804
2779
2711
2854
2805
726
2765
2731
2727
741
2753
2781
2811
2849
2829
2768
2737
2808
1938
2708
2855
2709
2825
2802
2812
2726
2714
2828
2705
2763
2710
1912
2869
2764
2775
2702
654
2735
2821
2736
2728
2719
2729
2733
2770
2806
2703
2713
1921
2856
2791
2756
723
693
2827
2769
2718
2824
243
1543
2715
2861
2738
2746
2813
2835
2722
2745
1870
1882
2754
2730
2767
21026
21024
21032
21031
21017
21018
1529
21020
21036
21025
21019
21028
21022
21027
14980
12643
21023
21030
21021
71191
71214
12900
688
64649
656
672
736
1536
14902
71223
71206
707
71231
71240
13830
71188
690
71251
665
71195
1454
71242
705
71225
1658
31922
12113
71209
64237
71232
71181
71249
12771
37369
71221
718
65341
