2746
0
1543
2811
2830
2754
2700
2718
2770
2755
2781
2768
2764
2771
2723
2769
2826
2808
2753
2791
2825
2802
2715
2778
2724
2719
2759
1938
2705
2795
2857
2736
2703
693
2882
2838
2772
1921
2827
2738
2861
2740
2829
2730
2854
2849
2706
2729
243
2737
741
2866
1992
2714
1882
2817
2756
2742
2743
2870
2819
2708
2814
2741
1870
2745
2833
2787
2782
2835
21019
1917
21017
21027
14980
21020
21026
21021
21023
21031
12643
21030
21022
21025
71181
1658
64237
31922
716
71209
688
65341
690
71221
13830
1500
71184
718
71240
71242
14902
71225
71231
64649
720
71249
1548
71232
705
12900
