27561
0
27562
4363
27571
27557
27570
27560
26724
11839
5821
27552
10815
27566
27568
26782
27565
27567
27551
2254
4374
4381
27558
11921
27564
3336
27556
4703
4973
19292
3365
2038
2217
430
4366
32667
2241
32663
47123
35458
35463
39626
47147
47153
39594
27807
47133
4437
45492
47121
27876
47126
47144
35427
18563
35429
4371
39585
4912
35448
47170
39574
39622
20012
39571
47138
39612
30084
4904
39577
37495
19299
39599
25710
35439
39600
35496
47143
4395
18116
45504
35436
39592
35446
36614
35506
39588
45499
32195
45505
4389
47125
47140
45497
47152
36619
13632
4422
3316
35471
35481
4402
4388
3319
71583
30090
3307
1386
39604
71576
71551
3296
12569
35440
3423
27883
26601
71555
2353
13620
4368
26599
26780
20407
4383
27866
4855
4421
