27568
0
27566
26724
4377
5821
26782
27562
6318
4363
11921
4973
3336
27567
4703
19292
4755
27557
27565
4374
13644
10815
27556
27570
27560
2254
27551
27564
4381
27561
27550
11839
430
30051
35481
4421
2038
35458
35442
13569
35503
32186
35471
35436
35437
35484
11846
19299
35448
35459
26750
4398
4912
32195
4378
35439
35506
35511
27876
3307
4828
4960
35495
35435
35427
3316
35470
35440
35446
35479
35456
26601
35498
27866
27883
35451
4437
2241
13620
35443
4402
20009
35447
32211
35429
26599
4422
35463
4371
30084
39581
39574
4896
2333
27882
18120
39612
6244
20012
2280
39601
39571
39575
39573
4855
39622
39638
2689
4395
39587
39603
39623
39579
25674
39626
39599
39642
39628
3332
39604
39572
39584
4904
39614
39592
39577
39583
4383
39585
2062
4717
4903
19265
2067
2217
4902
39801
2021
1385
39800
4879
20017
4369
18783
39812
4412
3539
39811
4822
15164
2026
45514
45517
45497
499
45510
3423
3348
45518
45513
3297
27807
4399
45494
45493
45504
45508
45506
3296
47125
25710
47149
32663
47144
47138
36619
47163
47121
47145
47153
47127
47126
47164
18116
36614
37495
47123
47171
47140
13632
47137
30079
71555
71559
71565
20407
4366
30075
2009
2353
71551
71550
3365
12569
71563
11873
