27594
0
27619
27595
27646
27617
27648
27654
27653
27625
27608
27659
27621
27627
27669
27681
12373
27760
27626
27639
27767
27739
27630
27642
27680
27633
27578
27673
27622
27596
27721
27675
27663
27734
27694
27779
27620
27623
27683
27660
27698
27584
27605
27586
27598
27637
27643
27645
27582
27638
27731
27687
27658
27591
27720
27585
27699
27702
27614
27599
27631
27686
27749
27577
27640
27635
27688
1007
27661
27590
27717
27628
27671
27610
27758
27652
27641
27743
27604
27607
27581
27580
27665
27613
27651
27650
27766
40004
40025
40028
34701
66719
22433
45
63
20105
39700
32564
140
38193
12356
11956
