2759
0
2760
723
243
693
2800
726
2715
2791
1920
2787
2857
1570
1870
1543
2805
2823
2825
2811
2746
1882
2866
1912
1938
2873
741
2820
2782
1529
12643
21033
21015
677
707
672
698
1958
652
674
32073
1567
23146
32080
1942
1555
13773
1454
690
699
31927
1536
31911
37388
37389
37364
5210
37403
37387
37347
37352
1851
5235
24904
37393
31913
37410
1948
1947
37333
37415
37350
37349
688
37362
5241
37346
37366
1530
689
37339
37382
37384
1459
1478
37373
649
24823
37355
705
5201
1493
37341
718
696
648
37363
37409
31922
37354
37344
37360
37369
5252
37414
32224
37361
1548
37370
45869
45861
45862
45868
45852
45859
34983
33696
45889
5227
45849
45871
658
50207
50201
50192
50218
50197
50212
50198
45820
50214
1862
50209
50211
50213
733
736
50193
50194
673
34869
1932
50200
1965
3840
50217
50210
50191
50222
50224
50208
50190
13847
727
50195
48399
687
31924
60538
58515
67815
58527
67828
60535
67816
67813
45800
67819
48414
