2760
0
2805
1920
1570
2791
243
2758
726
2857
1543
1870
1912
741
654
2811
2849
2823
2715
2800
1882
2873
1921
2785
1938
2759
2763
707
13780
683
710
32090
675
3852
708
652
1454
1502
1942
32071
1917
32073
31929
1567
698
695
731
1555
4061
1927
690
716
1519
32103
715
1958
32085
672
664
704
13801
728
13773
1522
37409
34983
45869
12643
37347
5252
689
45868
45859
37349
45849
39466
37375
45862
5213
37334
649
33696
45871
37384
34869
19102
687
37369
21022
31922
1851
733
696
50191
1478
718
50211
50209
50192
37393
1932
1948
688
3840
50194
50218
45820
50212
50193
50189
1548
50198
727
37355
37360
50190
686
58506
58512
13774
1906
58518
5201
58528
37370
58503
58533
1501
37362
1459
58511
58509
685
58516
670
5240
666
1477
60535
60538
67801
37359
67829
67816
