27790
0
2026
27853
27819
17389
17435
17429
1374
532
27808
27787
17396
27814
27860
17408
27821
17479
17445
16456
1030
27803
27872
2021
4852
8864
27408
24212
4420
27855
2111
2038
27835
27863
27796
27845
27868
24221
16435
17418
5585
464
24205
7834
3433
17442
25648
16781
27836
27842
2121
16431
27840
17384
17400
2070
17423
19076
27786
17391
8950
2619
12431
31729
2049
2607
31732
31723
12399
12397
17395
12471
17379
17416
16532
17419
29603
17424
55812
17459
17381
17393
51099
17432
2333
17452
17399
55813
17444
55798
17415
5596
55858
55799
