27807
0
2038
1024
3336
2062
27866
3296
27883
2254
1030
39801
35498
39599
45505
35424
32199
4437
45493
45498
4381
39601
45497
35506
27568
45506
45492
26724
35458
10815
3307
19299
3366
35446
4371
13644
20030
4912
45513
45504
39616
4374
39605
4422
45514
4402
4703
45499
4395
39615
13589
45510
45523
27551
45508
35484
45517
35481
27564
1386
32195
11921
27567
4388
11839
39623
39592
47135
27565
39626
47128
39590
4755
47155
47127
47132
25710
27561
47163
36614
27550
39612
47149
39574
35427
47158
47144
47121
35437
39588
39594
18116
35439
47171
30084
32667
47137
35436
36619
45752
47140
47129
4904
39585
47160
13632
19292
39577
47143
47125
16776
39622
35448
35496
47134
2255
35429
35463
