27815
0
17400
27875
3433
17417
2038
464
469
27836
2121
1030
2254
27883
2009
19076
3336
2074
1374
26778
16797
44159
16742
40456
44168
44153
44180
40453
17392
44140
16751
44155
44148
16752
44186
44143
44139
44149
2027
44134
44141
44135
44169
44160
44176
44146
44142
44167
2064
40450
44156
44177
3527
44136
7491
28205
44150
2124
16760
16772
22122
44137
44165
2008
2082
3466
2157
28217
44144
44147
44166
44154
2067
44175
44158
2333
65011
65019
40460
4903
3471
65013
40465
64991
430
65010
472
28226
65012
65009
16739
64986
64987
65016
1386
4870
65007
3549
64997
16733
2230
3423
2127
64990
3469
4703
3502
2241
64988
65006
65014
