27836
0
24221
5585
27802
17435
27407
4420
17417
4377
3348
19076
27866
17442
27791
2254
27868
1374
17483
27809
27796
24212
27813
27871
19007
27790
7834
27786
17842
506
25648
2062
464
27843
27794
27847
466
17384
27814
2065
27833
2021
2074
2068
3297
17418
2109
469
532
27864
27808
17408
1024
27842
2111
17429
27819
27845
1402
2224
27787
17400
1382
2117
27876
4852
16781
2121
27855
27821
4044
3433
4375
27837
3314
2033
1416
12508
17396
10712
2026
27815
3336
16456
2070
4665
4384
27389
485
9824
1656
19015
59262
59309
59289
2049
4672
2037
2333
2322
849
1619
4662
2353
4670
8080
4725
2903
22060
25767
2997
4903
4692
2029
36210
1369
3491
4703
2904
2239
16760
47208
2067
2023
2027
16772
3466
44139
3307
22122
16797
2243
44155
2082
3337
44156
2279
55801
16433
7491
2241
2018
1386
65016
44168
3470
2250
4383
17392
65003
1385
16421
29609
472
3426
2689
7848
713
7881
2328
4440
55332
803
3298
55339
17452
