28
0
29
31
137
124
129
39
85
160
89
75
127
20
4
41
162
22
79
8
161
140
9
92
45
6
77
99
93
34
4156
4166
4173
4152
4238
4188
4233
4160
4206
932
983
4221
4158
894
4072
4108
4177
4207
4155
4182
4167
4161
4119
4077
4150
4185
4226
4157
4121
4249
4164
952
4209
4183
889
4186
905
4230
4175
4096
4148
918
4165
4163
4210
4176
930
4179
919
944
4147
4171
6898
958
6930
6880
6916
6904
4127
6900
4111
6933
927
6897
6896
6911
6901
6940
6877
6922
4102
4104
6886
6892
4101
6884
6903
6939
6917
6929
6926
6945
4091
6887
6915
6902
6881
6918
6942
6946
7615
7585
2598
7590
4085
7568
7613
906
7625
7579
5160
9374
9393
9379
9396
9380
8085
9411
9386
4105
9397
9403
5172
9377
5327
9373
4076
9389
9736
9790
9733
9776
9748
9747
4122
9788
9735
9774
9783
9777
9752
9794
9749
9742
9753
9754
9772
9785
9738
9773
9744
9798
9757
4118
9775
9808
9734
9745
9804
9764
9801
9762
1303
12712
12750
12706
12729
1275
12713
12742
12690
12698
12700
12697
12684
12687
12728
3899
12727
12703
13416
13420
13436
13447
13456
13457
13435
13444
13425
13412
13470
13445
13464
13465
13426
13410
13406
13455
13415
13409
13442
13458
13418
13424
13441
13453
13434
897
14183
14176
14170
991
14177
14191
17342
17357
17310
17338
17300
17246
17257
17253
17273
17296
17291
17302
17278
17244
17356
17282
17275
17274
17283
17303
17259
17269
17277
17299
17367
17264
21985
21973
21996
22001
21972
25125
25319
25347
25377
25364
25329
16732
25412
3197
4334
25336
22427
25376
29362
4078
4109
29870
29854
29853
29857
29839
29996
29903
29967
29989
30002
29964
29985
29984
29955
3440
30497
4075
30492
30494
32558
32572
32542
32566
32580
32549
32575
32578
32592
32571
32546
32544
32548
32560
32551
32543
32586
32584
32555
32553
32590
32589
3561
32556
32540
32550
32569
32545
29927
32648
35998
36429
38202
39969
39959
39992
39987
39962
39977
40010
39958
22429
45035
45012
22430
46615
34376
34396
70137
32462
70139
70156
71545
4098
71516
29886
