2800
0
654
1543
2760
2825
2831
693
741
726
2772
1992
2802
2882
1882
2866
1938
243
2764
1912
1921
2805
723
2817
2823
2715
1870
2746
1920
2787
2791
2811
31922
1506
705
1917
32101
1851
1942
664
37359
719
656
707
1456
37403
722
37352
1555
700
699
37350
646
37367
31911
672
1567
37362
1476
37372
665
1948
37405
1478
729
688
37357
1454
1489
718
1552
5246
37409
652
32221
5241
716
37360
37347
37343
696
677
1548
678
690
694
13773
37418
1536
37407
704
37369
37335
13785
13830
720
37382
1501
24904
5210
37361
728
12113
37365
