28439
0
28440
28541
28490
28454
28491
28530
28537
28449
28457
28471
28506
28556
28452
21883
28436
18692
28482
28512
28451
28611
28431
28562
28483
28539
28528
28522
28504
28516
28565
28468
28545
28574
28550
28517
1607
28519
28459
17762
28529
28463
28558
28559
28484
28552
28535
28494
28441
28514
28500
28527
28557
1638
28591
28502
28511
28544
28614
28501
28470
28549
28462
28488
28444
28478
1644
28567
1608
19298
28476
28581
18744
28524
28448
28531
10620
28602
28588
28486
28477
28475
17772
28590
28495
28474
28584
28445
28515
28538
28479
22415
10456
28546
28435
28450
28533
28578
1725
57170
1637
57168
6719
