285
0
251
261
210
361
230
185
191
291
284
336
267
306
231
277
359
327
245
322
186
332
313
204
376
354
341
265
348
345
311
358
314
288
269
420
247
270
335
246
257
239
193
365
310
212
315
318
202
252
303
217
228
377
292
215
256
374
184
234
213
187
242
357
243
241
352
286
317
282
287
236
264
304
211
353
360
266
337
226
229
11530
9293
737
8761
11599
11571
11482
11554
11549
11545
11575
8671
11539
11510
1641
11512
8803
11494
11540
11561
11541
669
11547
11603
11505
11025
11501
11498
11587
11475
11544
8733
11506
11502
11590
11491
3055
687
3087
702
648
736
31927
727
3880
13830
1958
712
707
725
708
12637
696
654
676
36304
667
664
39655
26804
39666
39659
39675
39649
3081
39677
3750
39664
39682
9313
39647
39667
26851
39681
39680
37818
8639
3052
39672
39669
3059
14252
39650
39657
39663
39676
18868
39651
18865
39678
18867
8735
39662
29193
39646
3080
39671
35770
5832
39654
39685
14297
9245
9524
40360
10117
