288
0
247
312
202
185
332
327
191
230
255
360
225
284
314
337
306
243
286
316
267
291
190
215
184
212
303
217
241
265
376
214
261
234
228
313
417
277
331
216
269
210
213
11491
11554
11557
11492
11571
11576
11488
11561
11495
11510
3055
11545
11496
11524
11519
11505
11590
9293
11587
11479
11550
11541
11530
11500
11506
8733
11501
11494
11502
11555
737
11564
669
11536
11544
11498
8671
11539
11582
11542
35770
1977
39648
39647
39677
39674
39650
9313
14252
39664
39651
39678
39661
3080
40354
9226
39106
9227
