28955
0
28956
7245
28959
28988
28957
14596
18615
28974
28979
4049
28970
28997
28993
7438
24168
28964
24149
28966
28965
28994
28968
28960
28973
28963
28978
28972
28976
28969
28961
28971
28981
28975
38161
18594
36352
18623
2903
38136
6679
38133
31233
38169
1374
38143
803
6304
38138
38137
5762
18659
43248
43255
28615
43257
27971
26028
43256
43240
43239
43244
28433
46723
46859
3635
21708
46796
46752
46745
46804
46756
43287
46739
31404
46742
46867
46821
46746
46741
46838
46808
46849
46734
21883
46790
46835
18693
46810
46748
46807
14645
48733
7280
43915
48735
48763
18596
2909
48698
48747
26974
48765
12841
18673
48717
41404
14140
20052
48759
14577
34880
48782
12238
7707
48693
4063
