28960
0
7438
28959
4049
28957
28987
7245
28975
28961
28969
28982
28973
24168
26011
28958
28970
28955
18615
28979
7707
34880
6024
7441
26028
26974
24343
14094
20052
12841
43248
14140
38143
31338
48758
45902
27971
36771
48737
18666
1119
48698
5762
38137
18596
9663
2900
27393
12425
50162
7688
50161
50131
24464
701
50136
26291
21318
2038
50472
24397
50489
24409
14637
50520
50514
34064
45078
50505
50482
30594
50492
50483
45097
45107
6696
9144
56236
56277
7681
33192
56273
6294
56290
2963
26164
27384
56315
30177
56324
56283
56280
24189
24154
7465
21274
26132
9678
27380
7319
56297
15924
56256
26143
15425
14668
47764
26975
41410
15431
12970
32115
27361
56296
56258
43405
33430
2891
7671
56264
14638
31055
12964
12971
64353
64362
64355
64366
64386
8019
64371
64385
64348
64370
64350
64377
38147
64372
64354
64364
64382
64352
64390
64365
41432
64367
64356
64380
45087
64363
64378
64349
6679
64351
