2898
0
2899
2939
2979
2241
2994
2913
1658
3010
1606
216
660
3011
3009
2932
2970
2974
2948
2946
2908
2991
2969
2291
2914
2996
2989
2918
2992
14219
5294
14207
14210
5285
14220
7346
12232
12205
15310
15227
5360
15239
15263
15248
15260
15251
15350
15344
15233
15329
15291
1115
8393
15249
15312
661
3898
15283
228
13522
15323
524
3899
6624
10420
8369
32328
27357
32298
3880
8363
1641
32348
32358
32367
5792
10795
32319
17217
12785
24343
33041
8215
32988
6251
10870
49011
49010
48989
23212
3953
3882
49046
4658
3568
23232
2689
3883
14601
48966
30330
66414
66478
66466
66462
66468
66442
20535
6013
8220
66415
8408
