29061
0
11136
1115
11035
11054
16578
29067
11090
11107
29120
11139
29108
29136
29083
28995
11049
29070
29099
29088
11120
29142
29141
16638
11137
16617
29074
29079
29131
16682
29062
29181
29087
29090
29193
29127
29208
29126
29077
29068
8780
11135
16605
11113
29163
6220
29116
29071
29093
29110
14803
29097
29060
29085
16586
11105
16652
11128
16584
29101
11072
29098
16626
29084
29146
16609
16604
11094
29069
11063
228
29106
18616
29073
29076
11032
10893
693
10926
11140
16603
53949
53955
53951
53941
53939
53964
53953
11110
53948
53946
34924
53947
53960
53942
53950
53940
53954
53969
53962
53944
53938
16611
53945
11123
53943
11108
53959
53937
53963
53936
8721
64743
64794
64814
64824
64816
64855
16594
64755
64726
64815
64761
64860
64732
64812
64839
22358
64826
3750
43254
64738
64832
11088
64747
11027
64730
64883
64817
64773
58871
64729
11046
64790
64756
64731
64771
64827
45541
64804
64748
64781
64888
64767
45553
16587
64793
64803
732
64758
64741
64762
64759
12245
64787
37901
64733
64823
64825
64867
4063
10835
64766
64785
64753
