29083
0
29084
29096
16652
29069
29106
29074
29100
16609
29117
11094
11137
29114
29134
29076
16638
1045
29116
29146
29175
11072
11054
29073
29087
29141
11051
16605
11113
29193
16682
228
29125
29120
216
11032
29136
18616
29108
29070
29122
11090
11135
11049
29094
29208
29077
16578
29090
29060
29107
29071
29079
11107
8780
29072
11035
16617
29152
11139
29126
11120
29212
16602
16586
29161
11045
29103
29093
29102
6220
11128
29127
16584
29061
29130
11105
11063
16604
16593
64762
16594
11046
4063
11108
12245
10895
11027
1651
64767
11110
16603
16650
64747
45541
64756
45558
12519
9524
10893
3750
732
8721
64785
18402
64830
64733
64790
45553
43254
