29102
0
29103
11090
16652
11045
29096
29076
11135
11035
29180
16593
29152
11049
11113
29136
29174
29146
29099
11089
29083
29125
29120
16617
16605
29086
29071
29181
29121
11107
16609
11063
29092
29114
29109
29116
11054
16584
16604
29066
29100
29070
16682
29131
228
29105
11128
1045
16638
29079
29089
8780
29175
29098
11032
45557
45559
45562
11044
45561
16663
45555
45570
45573
10895
34869
45541
16651
45542
45552
11116
45554
45540
8721
45547
1933
11129
45564
45556
16635
45569
45560
45551
16644
45565
45546
45543
45550
11055
16611
45571
45539
45536
45558
45548
