2936
0
2971
2962
2976
2914
2984
1374
2966
2291
2918
2324
2952
2935
2924
2958
2944
2953
2931
2900
2941
1658
2950
1336
2963
2922
2960
2909
2908
2957
2990
2241
2987
2964
2927
2929
2947
10892
3490
1836
3336
3401
2119
12558
4725
19807
2038
2026
2256
4850
2337
12097
4719
19941
20011
20015
5623
10911
4693
2309
2301
10974
2022
4424
5603
20048
7418
20046
3469
20061
4859
3502
1369
4394
6318
2013
20062
6317
7459
4700
20034
6278
20056
7472
9682
2028
2050
3470
26424
26434
3463
10908
7876
19046
4694
26412
2084
2225
3535
2689
2255
826
2047
25712
2230
26775
4696
4407
2238
26783
2249
2330
27280
27288
19965
1744
27302
850
4838
1803
7417
34007
38419
21297
7466
4658
528
38398
38428
38405
817
19954
2361
4386
2302
19987
454
38390
19974
7491
38173
9030
38415
16839
27320
38388
519
4416
30085
19937
41388
6237
526
28233
7646
45986
27279
7439
7398
19979
19966
4417
43969
16762
41968
26900
1724
46000
19961
43924
7838
16782
701
4669
47953
27290
47951
27379
24954
7710
6304
70070
2320
10805
19976
518
27310
19996
70061
68124
18818
70069
68135
19962
68123
16755
19938
20688
21356
19946
7405
19944
34005
