29602
0
15449
25638
7861
7858
29652
25648
4852
29587
2121
849
27842
29588
16421
2042
3341
3433
29610
2327
7881
35501
35506
35439
26724
35447
35498
35471
13620
5821
35452
27866
35505
32195
4374
27567
27551
35457
35448
2038
35429
35435
35476
26601
35482
4828
30084
35456
35458
27560
35481
26599
35472
27876
4381
35427
35495
35469
27568
4912
27883
13569
10815
35463
3336
19299
3307
4371
35478
35484
32667
26782
35496
4842
3316
35436
4422
35492
35507
35460
32211
2254
2255
35424
11839
35522
430
35426
2241
35466
4703
35446
