2963
0
2049
2966
2904
2938
2895
216
2984
2924
2969
2899
2291
2978
2894
2925
2944
2891
2990
2923
2909
802
2912
2931
2324
2936
2900
2910
2958
3013
2947
2922
1606
849
2927
2908
2964
2903
2896
9671
3401
9694
9666
9663
2119
9665
9684
9662
8253
9660
9658
4746
9672
9697
9667
9682
9690
9695
9225
9691
9657
9679
9680
9668
9655
9685
9674
9654
9653
9664
9678
9683
9659
26401
26409
26410
12969
18567
26415
26413
26404
18573
7876
26423
26397
10926
26403
26416
26433
26407
26402
26428
19838
26425
2050
22354
12509
803
31091
18566
12516
662
12301
2038
14153
7678
18568
53449
53466
53478
13574
53486
12309
12965
7681
53229
12289
12514
28960
15882
2026
2070
1807
7716
67865
2302
3894
12306
