29903
0
964
5172
4217
919
6903
930
4127
4072
6878
983
4206
4175
9407
6915
13453
4210
4096
99
901
948
944
4077
952
29931
4171
921
75
4103
4142
937
4183
4152
12712
4163
6929
4177
4168
4167
4186
85
918
9378
4179
13412
4147
129
4106
4108
4104
4158
41
981
9757
987
6912
6891
29899
4119
4188
4105
4146
9385
4195
4214
9
6880
4084
6910
4165
6904
6914
29926
4278
13449
4164
77
8085
84
4169
932
941
14190
4173
92
894
4121
17278
12681
4123
30007
6942
933
29955
29973
995
12678
927
29988
29985
13441
34
29982
161
29989
9799
29967
28
30022
6900
29997
6898
6946
30033
9772
30002
4122
4
897
9753
18287
12675
4159
991
6920
12710
4069
32284
89
79
32280
32291
928
12683
6888
4093
32295
13390
4075
14189
22001
7568
32292
32273
6896
32287
4141
13415
12677
6884
29852
4081
12679
957
32281
14177
13416
13425
12680
4091
31479
32279
13426
13450
4102
6921
