30051
2
2241
2068
4722
4846
30075
4703
1382
30091
30079
25707
2689
35439
11839
27876
26599
4381
27568
4437
35447
3336
13620
35446
35430
27567
35443
27551
35481
35451
35457
35459
35440
27883
26601
35427
27866
35442
35456
35469
2255
4402
4398
35506
35470
32211
4422
10815
26750
5821
4421
35458
32195
35496
35436
4374
3316
25673
2254
4912
32667
35498
35463
35479
4973
4855
33512
39593
2124
39600
6318
3539
2280
25674
16821
4696
2021
39812
4458
20012
4904
39800
4717
39801
4440
2062
27557
19007
20030
11921
4388
27882
1385
20017
16760
4395
4383
39573
15164
2067
3490
4412
3468
2009
3469
2047
45771
16812
18120
10706
4377
49578
39623
50401
47121
50460
50455
4896
19259
47148
45504
39577
39581
50391
50418
4389
50409
50430
50406
3395
50449
2122
37495
39571
39592
22296
39585
65001
72298
72276
72266
39604
3305
624
11849
3410
