30118
0
7284
27966
30148
24148
30189
6307
26152
24155
5762
30161
30155
30232
24192
24187
26894
24170
24162
30142
14585
30120
30144
30159
20223
7244
30117
30199
26003
30175
24168
6024
30133
30198
27963
20933
7245
30170
6663
30185
30173
30132
30143
30240
24175
30129
30182
30233
26035
29522
27916
30212
30167
30128
30121
6611
6300
24149
10747
48747
14596
6639
20052
27971
24343
62565
6679
24410
62563
31948
56284
8019
14672
62627
62593
62575
33430
37135
18657
50482
62566
803
62559
62576
27951
62592
62585
62556
29554
62562
62573
9212
31352
26068
36252
62578
54720
14679
62608
24179
