30182
0
6277
24148
7221
30185
30161
24170
30205
30143
24168
7244
30175
5762
30151
24162
29533
30198
30148
30207
26152
30170
30159
20223
24182
26894
30233
24187
30129
24175
30167
29522
26003
7284
26035
30118
14585
6300
27966
7245
29524
30120
30121
6611
20933
30119
30199
30142
24155
30117
27916
6663
46849
56257
29532
56269
56284
14638
24154
24165
24189
7681
33001
33430
6294
8082
14679
62570
9212
62557
18657
62558
54720
6065
6679
62583
31352
62559
24150
62605
62617
52798
62611
62575
62574
62578
50482
37135
14672
36252
27951
62576
52805
20052
24417
27945
62561
