30320
0
20884
20873
30315
10934
30370
30422
30348
30317
30330
28082
10948
30346
30339
18908
1745
30436
28059
30431
28062
30374
30321
30337
21912
30410
30387
28061
28048
30423
30403
4658
21948
30377
30443
30397
30405
8088
3956
30358
28040
1709
30389
30316
30412
30338
28081
30429
21686
30364
28094
30385
28100
28052
17093
3941
75133
1764
75193
3877
75148
14207
75157
75212
75119
75124
75125
75228
29720
75258
75202
4578
3968
75164
75172
7966
75227
10985
75199
3013
75188
75152
75161
75132
713
75121
75145
75165
75264
75123
40587
75213
75151
15762
75204
6624
75223
75197
75190
14643
8017
45998
75251
75120
75245
75150
75232
75168
75169
14764
75207
13308
75182
75209
75200
7712
75175
75137
75130
