30332
0
30367
28040
21912
28061
30329
27950
12591
30415
3462
30334
30344
26560
30348
28094
30403
30389
30358
1745
30374
13031
30362
30463
30378
20884
30361
4924
10934
30390
30316
30379
10911
18905
4658
26563
527
30386
30441
30424
30339
30324
30349
30328
18908
8088
30442
10948
17131
28140
3941
28052
20061
30330
26927
10884
26572
3478
2225
3543
26357
7733
7678
41998
7647
10892
520
19966
7459
42050
4766
22069
2049
3968
20456
2908
7694
15938
4677
1374
7429
41994
4654
2987
42027
41966
5762
10747
7642
41986
4662
1369
41978
42007
4694
454
7398
41990
1764
2969
75199
75153
10985
7966
20870
713
