30348
0
30316
30354
28059
3969
28094
3965
30364
30377
21948
30352
30443
21886
3941
10948
28071
30320
17131
8088
30358
30330
30362
10911
28052
12591
30363
10934
30329
21912
30386
28062
30397
28081
3462
26563
5677
30349
30332
28080
30390
28048
30464
30424
30384
28040
4738
3996
28061
17135
20884
18905
28082
30353
4658
30423
30340
3956
30385
19982
2689
41968
19966
3490
454
3968
41281
41249
63301
3880
2987
3946
4728
28049
52476
701
63303
3891
11658
1764
3915
18890
63241
3953
20835
17092
63318
12785
3948
822
659
713
9641
20889
20456
28117
1142
