30364
0
18908
28081
28094
28100
28071
28080
28061
21912
20873
8088
28140
17135
28062
28052
28086
28082
28059
10948
3941
28040
28048
23215
28126
28084
28069
28137
28037
28058
831
28038
17728
28160
28167
28148
28101
28149
9162
28066
28053
28054
28157
8214
28106
28043
1123
28041
20879
1142
28057
1105
20855
28030
28118
28133
28159
28089
28039
28110
28127
28072
20848
28123
28130
1143
20865
28103
20862
20885
872
28112
28050
20870
28077
679
28154
28060
28044
20461
28115
28085
28117
1097
28134
20894
20839
1742
28042
28131
8308
28164
28051
28079
28049
