30374
6
30413
30329
28425
30409
30332
30392
30408
30406
30410
30400
30345
30320
21948
30387
21686
17123
30404
30365
3462
17093
30366
30386
26560
30391
10884
28086
30338
30442
30361
28081
30422
10948
30341
3478
26927
30316
30429
30328
30354
30405
30362
1745
30432
14658
30319
20884
28140
26572
10934
17135
1709
28062
4924
22402
30385
30370
527
30450
4738
33240
18891
454
33199
4669
602
2037
33288
1778
8107
7472
33222
33256
33210
12877
14298
2242
18709
33206
33270
33198
701
33267
27389
33269
33275
33244
10228
2028
831
33009
13602
19982
20458
33232
2022
33212
33247
41250
3470
469
35478
3461
41248
45998
2012
45972
45965
45982
46044
46026
29622
45985
1724
45971
41998
46009
46050
45986
4859
45978
46059
46053
10892
7398
13282
45976
13279
46012
1721
45990
45981
45992
46055
540
45967
38458
4913
46001
46022
45974
46045
46014
3460
3548
46029
43924
19965
46011
46076
46005
19948
46049
45987
46061
46027
3527
46031
43096
24413
46028
46030
46020
19966
18164
33322
52112
12141
2908
52125
52152
2038
5614
52118
7974
499
4694
41804
855
52098
4674
5243
52140
52119
52104
4687
30615
3511
60673
3471
3516
45691
3485
3483
4699
521
3968
2326
43982
6266
60781
2110
50571
60790
6263
60798
48787
2008
21300
10926
1764
71065
1414
10939
11672
51186
70919
4764
18255
1734
51217
13283
71088
47659
6347
71463
68694
71485
71460
25198
71488
20020
71487
71457
5637
18787
2934
27314
41127
71805
7392
6320
608
1829
71808
71830
52819
1836
71846
71826
