30412
0
30362
30389
28062
30316
4658
30330
30384
30403
28052
28082
20884
26927
30320
10948
30361
30443
18908
13027
3956
3941
30357
28094
28059
13031
30317
30338
10934
30372
30349
30386
30377
30385
10911
30423
28061
75162
75152
75166
75150
75169
75223
75197
75145
75185
75228
75229
75164
75235
75147
2969
45998
7712
8017
75130
75190
75137
75155
75120
10918
75122
75175
75182
75136
75154
75142
75201
75176
75192
29770
35952
75180
75220
75258
75198
51721
75179
75129
3968
6624
75157
51739
75208
75205
1578
75237
75209
75134
14643
75186
75211
75188
75202
75121
1764
75241
75199
75189
75248
75233
75212
75264
4578
75234
243
75133
75151
23314
75232
75168
75251
75125
75227
42050
75140
13308
14764
75165
75194
75210
35943
75172
75153
75144
3013
75178
29720
75131
10985
75124
