30693
4
30694
4731
30663
3444
430
10341
13598
19889
13685
4742
2241
4755
19883
13609
4664
13590
13664
13575
13589
50276
4879
6296
38253
13576
7471
4655
6690
50275
50258
50288
19886
13566
50303
13687
13639
4710
10815
13663
19900
19282
4773
13635
13676
4666
4703
50293
4717
50294
13628
13660
19890
38252
13595
50257
4707
13633
50280
13568
50278
13584
50256
13582
13708
13637
38267
13605
13571
13644
13592
6318
13606
4753
13679
4926
17896
13603
13650
13717
19264
13723
13570
13668
4656
13636
2049
13599
49419
24718
73186
18098
13666
13621
9955
