3087
0
3049
3064
3086
3048
234
3075
3066
3097
245
1912
284
3088
3816
3823
3854
3808
3843
3806
5210
658
5201
1501
5218
5252
5203
5241
5205
7218
7286
1606
2913
679
7313
7279
7216
7299
7341
7377
7292
7260
7200
7210
7366
7226
7251
7258
7365
7217
7336
7228
7269
7202
7214
7358
7225
7388
9251
9322
9315
9247
9250
9282
9338
9294
9328
9341
9242
9233
9312
9345
9288
9229
9260
9248
9267
9342
10372
10396
10410
10389
10369
10394
10422
10368
10414
10370
10445
10367
10406
10400
10438
10523
10507
10505
10545
12810
12811
12783
12821
13142
13135
13276
2903
14627
14624
14682
2070
714
2321
6302
14692
14603
1369
7830
14614
14693
14606
14644
4665
14588
14607
9005
14638
14702
2689
14639
14611
499
11177
1437
16117
16094
16075
16125
16187
16134
16201
16207
16089
16116
16214
16217
16035
16044
16088
16206
16145
2746
17618
17569
24122
4065
24126
24132
4683
24113
3899
19653
24134
24118
24604
24531
24597
24546
24642
24548
24629
24654
24627
24529
24566
24553
24526
24539
24633
24646
24611
24570
28802
28750
28800
28845
28865
28814
28796
28777
28769
28780
28944
28908
28914
3967
28915
9003
28832
28812
28858
28883
28942
28822
28840
28771
28799
28842
28851
28818
28805
28753
28929
28804
28788
28789
28781
29222
5723
29286
29229
29315
29285
29271
29248
29230
29253
29333
29254
27082
29235
29240
29217
29314
29228
29263
29270
29247
29272
29347
29323
29309
29339
29291
29243
29326
29265
29218
29226
29278
8175
33764
33736
33732
33730
33746
33750
33693
33752
712
33720
33728
4007
33753
34641
34614
34607
34571
34604
34635
354
34592
34645
34575
34650
17978
34663
34578
11169
8761
34569
34589
34597
34606
34627
1670
34683
15090
34667
34626
34576
34595
34581
34610
36287
36273
1887
1851
36310
36319
32077
36280
36278
31933
19102
36263
191
10835
1977
36267
648
36260
740
36845
2683
4063
8341
13497
13503
26845
39122
17816
39129
26815
39104
11540
26804
39097
5448
39109
247
31735
41088
41053
6523
1807
41043
3593
41031
41100
41123
41106
29378
41328
36126
41346
331
41309
41312
41313
41322
41325
41324
41304
41295
374
4697
1767
2038
13310
17118
43135
1064
28666
734
34742
43089
43133
43094
7650
43142
1709
44197
44251
44275
1671
44272
44213
29702
44282
44198
44210
12026
44285
44216
44238
44192
27104
12056
8444
23830
44209
44222
29747
44240
44284
44227
44254
44208
44279
44190
44206
5724
20526
44194
44289
44225
44228
44219
32358
44255
44270
13786
44201
45220
45213
45217
43569
45350
45431
45319
45418
45426
45330
45427
45485
45398
45335
45336
45433
45316
45340
31704
46953
1038
38838
43571
47643
47626
32338
47653
32356
47675
47749
47630
47703
47751
8501
47659
9089
47665
10963
47746
47677
14284
49074
30146
14273
14297
14271
49079
49069
14251
14266
37046
38432
50796
50805
50840
37816
40884
50784
10938
50827
30689
50820
50797
50800
50807
11181
3440
28677
50818
50788
5850
50836
50835
50828
8562
51751
51791
51795
51756
51777
51856
51865
24386
51718
51778
51852
51796
51739
51707
53489
9693
53545
53511
53522
53506
53527
53505
53542
49382
53572
53573
53521
53556
10136
54848
54894
54851
54939
54860
54885
54882
54960
54884
11500
54850
54846
54926
54842
11512
11577
54868
13776
59882
19478
59895
59907
59884
1482
8333
8513
61965
8406
61485
19461
51578
1121
61966
48313
61986
771
23255
55994
61926
430
62666
58237
62665
62678
62676
63715
4726
30695
5644
4839
63717
4859
59309
2317
63688
4949
63692
63690
2008
39297
46220
16768
45990
39466
64274
30847
16605
64758
64834
16594
64791
64874
64830
64761
64797
64840
22358
29110
64822
64788
37901
12245
64812
64792
64759
64787
64769
64798
64790
64820
64886
64968
64951
64982
64983
16940
66243
68289
8379
68360
68332
68324
520
68298
1063
68348
16295
12864
68354
46285
6687
69614
69623
72206
52196
57974
72191
13781
72214
60532
72193
41366
72194
72231
48401
72438
72421
31715
72410
72431
72453
67198
72414
72418
24895
72646
63398
72714
72567
72709
72675
36058
62111
29103
72662
11075
54770
37282
42874
22926
72731
12182
72678
72650
72720
1189
11037
72718
72719
72673
73094
13547
73048
73084
73096
73083
73130
73093
73061
73110
73147
73106
73148
