3088
2
3066
3048
3057
212
3047
3087
287
284
727
315
277
241
3086
3063
243
213
7031
7092
7126
6995
6994
7129
7105
7166
7161
7181
7104
7164
7113
7136
7029
7063
7003
7124
7018
7008
7118
1651
7088
7070
7002
732
29534
8369
2009
834
16664
661
7429
216
15835
2598
36844
4063
3875
3899
1606
8180
36839
8017
12785
659
17439
22521
18104
8341
3936
12637
3889
22392
712
33372
10893
215
37883
37830
29122
37973
37836
8761
29369
37853
37924
37955
11075
21660
37855
37816
13382
37977
37937
37843
37846
37858
660
37916
37831
37927
37901
37826
37823
37899
37893
11816
37919
26509
37824
4787
4796
39374
202
2038
6182
39408
3898
653
39333
39327
39433
39352
3966
39385
13518
12828
9051
39362
39340
33458
1641
39341
8107
12247
8353
9037
12519
1055
7965
1578
3496
34590
5336
3254
16409
50760
3905
1764
5832
8004
14395
5792
44942
50733
3880
36389
4488
50747
24326
3977
3967
50774
17374
10138
4580
50737
23926
15457
7257
12786
51564
51562
714
9030
4658
51603
7994
48338
51594
701
1182
12773
1063
8355
3186
679
2689
9892
51572
44031
28686
8333
9022
19461
11540
7938
51573
7975
7891
68609
68595
11655
4752
7788
1958
11637
737
8721
68631
68638
38838
9035
6719
13010
9003
38432
5243
4859
7954
3934
657
523
73144
73127
8997
73135
73087
