31054
0
26402
31060
9680
9691
9695
29876
2228
3426
9657
9664
9658
2084
12612
9663
31116
31051
2963
9674
2947
9654
31067
2958
2922
803
9678
2891
2894
2119
31061
9683
9652
9659
9672
9693
3401
31079
22354
4746
26410
19838
2910
9685
9660
31064
2028
9690
2227
9684
11782
9665
18566
9694
849
2938
26399
9689
53479
26416
53465
8253
9700
9676
18568
53517
26401
53464
9655
53478
26400
53466
2927
18567
26397
26403
53476
9662
9661
26419
26411
53523
2984
29878
26395
53449
9697
2925
53492
18573
9225
9681
53485
53538
