311
0
337
360
361
303
277
183
211
267
316
264
286
348
187
241
251
418
184
217
345
312
282
266
234
191
270
256
284
314
226
332
327
335
247
315
202
229
252
239
214
245
236
318
352
288
213
185
228
210
287
212
285
243
215
193
669
3055
3081
3059
9262
9280
9252
9270
9226
9245
9310
9255
9233
9260
9247
9293
9342
9244
9227
9292
9258
9276
9261
9281
9296
9282
9256
9273
9269
9257
9240
9308
9300
9313
9306
9239
9297
11510
11475
11590
11553
737
8733
11530
11541
11543
11491
11594
11561
8761
11544
26838
26820
26828
26806
26854
26798
26804
26805
26815
26822
26851
26812
39106
39114
39112
39093
39108
39098
39134
39094
18868
39668
39650
39683
39646
39661
37818
39649
39679
41304
41346
41353
41298
41350
41306
41300
