31265
0
7979
712
12234
7964
6714
43069
38084
31366
9645
41168
21706
41167
1287
1310
701
3614
3659
41189
41160
11642
1305
21623
21603
21635
43056
1266
41163
43055
41216
43051
1296
43081
43066
41157
3636
21765
1304
41180
3631
3667
41165
3677
21616
43083
21569
3621
41181
33246
1270
7280
12216
1052
7830
12786
714
1167
1739
7752
11654
59672
8386
30543
3617
7965
3618
8991
1327
1318
60453
3652
1353
1298
7953
41177
64326
1267
41178
41196
55545
41175
55542
41187
1815
3634
3640
56565
3620
3619
64395
11761
41193
3637
64417
3673
64401
64402
40320
41174
75468
40223
41195
19923
75449
31364
75428
43291
