31418
0
11945
902
31415
77
31424
997
6928
31478
31432
31417
31433
5327
31490
31449
915
31442
31469
11940
31440
31457
110
31447
31468
31438
31448
156
31422
109
4086
92
970
7578
31441
31419
31429
52
31450
31455
20083
31477
31452
31434
31431
950
31413
7577
895
31444
97
7576
31414
11970
40
31470
31491
11936
974
924
99
951
25136
31483
920
31428
899
31446
31451
31420
85
157
31488
31456
20137
971
31453
31412
31445
973
4115
977
932
34729
34728
7564
11980
1000
34718
34731
942
20085
34716
34724
938
907
898
914
20119
137
955
3
34717
4213
13414
34722
34725
11951
34723
892
61559
26
25107
52072
12742
149
61545
61552
61538
1003
61543
61558
61556
61561
5182
94
32433
61589
61580
7606
7586
61579
61548
