31422
0
31423
20083
31455
31472
928
31442
31447
31446
897
21996
7610
84
77
915
31488
4086
31440
31431
31469
920
52
31465
31478
82
974
54
31437
11940
31413
11945
57
895
31445
4118
931
157
936
31424
6928
7578
31473
11970
31414
31449
31418
7577
951
25136
31451
11936
5049
31448
85
31432
31457
97
12726
31470
20137
962
31475
973
40
31476
31428
31438
971
31484
31416
31420
31439
20982
902
31427
31466
31453
11937
31419
92
31415
31459
109
7576
22451
31434
31468
31433
31490
970
31483
99
79
31456
11952
4108
71
69
64
7565
7566
20084
10
7573
32408
17337
7572
88
107
70
32442
127
30521
32459
117
168
4158
130
12721
7563
20105
49
44
78
75
148
38
39
7
5
33
30
32505
18485
955
126
36
125
20119
32403
32493
32428
32404
32439
105
30476
18
935
20130
32431
7593
63
32462
116
4218
7606
53
91
32461
8
32460
4229
34383
34401
1003
34378
0
123
34397
11965
9
34398
907
7569
7600
20092
68
37
11951
11975
4198
132
34396
34387
34389
18493
22432
74
34393
29833
18521
41
135
923
933
898
20115
98
46905
61559
61552
149
61556
61562
61560
40001
163
39696
7586
61543
142
7564
998
26
5182
61542
61551
61538
35259
959
46925
39713
144
14
61579
61570
15
12742
61566
61547
4253
7571
25107
25113
61548
61550
61561
11980
982
66705
6935
934
66715
66717
66684
16728
20082
36430
32274
101
11972
34722
35209
4069
24
1009
30475
913
66709
52083
910
115
45011
45041
45014
22433
66722
7607
66696
3251
66700
136
6944
66701
11981
45
4170
20090
919
71504
71529
71502
71517
111
16
28
71506
7562
71500
71507
71499
11956
7570
71509
42
17
29848
71530
140
71503
11949
61
4205
71498
4164
961
34
67106
71513
102
