31453
0
31451
92
11970
31415
31440
7576
941
31466
924
79
31432
52
31431
31438
974
895
11940
109
31455
31420
31433
902
40
31448
157
971
31411
31469
973
936
31483
7604
31442
31412
931
970
11936
7610
4086
31418
31428
31434
31422
890
31458
997
31488
31478
11945
31414
31441
31470
31503
22451
7578
77
920
31419
85
99
31424
31447
156
31416
31468
31417
7577
31490
31450
31446
4108
7565
66
930
906
894
20090
6182
4121
75
129
94
88
932
10420
67056
122
137
56
46925
4205
16728
60
17
49
7579
1003
7606
124
80
910
20099
71302
938
