31463
0
156
12683
40
157
6928
14174
79
897
84
31466
85
92
162
31443
9389
941
161
82
4118
14168
31446
77
936
928
4202
21996
903
6920
889
957
99
6896
6891
919
34
4158
894
918
4163
4249
905
66
12677
6915
4103
4108
18287
6929
4081
4141
4167
4102
4186
9753
32271
89
6924
6884
9
32273
4150
14177
4069
12710
4091
4104
4160
7568
12675
32272
4164
6913
4169
991
6888
4143
6917
13439
4173
4
88
7573
18493
105
4200
17
6
7613
68
64
5
4205
168
7564
137
63
129
6922
75
91
69
30
76
11956
20
46928
28
11949
930
41
6887
4096
9381
4142
102
47
932
4214
4085
4098
39
959
37
71513
14172
7599
4121
5170
4152
9775
4161
