31763
0
786
594
3444
20035
8033
803
813
31777
31764
430
31770
31773
31784
847
808
8047
593
31766
8078
8045
31771
8034
31780
25689
37095
429
778
37088
8130
37120
3433
37119
37099
37084
37100
37117
37090
37086
37115
791
37104
37105
37103
8082
37134
8069
8110
37080
37092
35812
807
8044
8048
37108
37085
37098
37130
37138
8105
37106
37094
37127
7682
8060
30597
37102
8120
10772
6688
37114
8061
37097
8046
33186
33389
37128
37083
37129
37107
5844
8096
37140
4722
37142
37136
8274
8067
49587
41261
8064
15164
49586
750
763
50682
50683
826
769
26912
788
50688
8056
775
8037
4726
13559
50659
783
749
50694
50673
2927
7710
1369
782
7695
770
799
50654
785
796
50660
50648
2324
50661
8076
69355
69352
8051
69353
75614
75616
75620
3426
75613
75612
75615
75617
75618
2291
