31911
0
31914
1874
677
650
1938
2882
243
31935
19101
665
24824
13821
2866
706
31927
31913
13785
1887
738
704
31924
31922
13807
719
23172
1992
31936
695
1548
13830
692
1501
1996
1522
14354
1574
19118
1471
671
733
13788
708
646
1851
700
31920
675
703
3840
1942
722
672
7975
1870
728
31915
729
698
1977
23197
690
654
31929
697
31930
1856
741
655
31918
5197
31934
674
1519
707
31917
715
5243
31928
696
14315
31940
1912
24864
7965
725
5244
5195
1570
13816
31916
32085
13811
13787
2759
13805
1463
32082
12900
23146
32081
717
32077
32101
32103
1486
13806
32100
720
13802
731
13801
13819
1536
13832
656
716
1559
1456
13823
32095
652
664
32109
702
1533
1927
1454
683
678
1515
710
1506
32091
1555
23147
694
2760
3852
12123
32078
1958
13780
13784
5200
1465
1476
699
13777
1552
32099
32094
32071
1543
32105
1917
28250
663
13809
1500
1566
32088
13818
23179
1567
4061
32222
32236
12643
14284
224
705
14351
32224
32245
327
736
36259
718
1453
649
36318
36307
36275
10835
691
5252
667
687
36309
3087
5207
36271
1530
36306
5213
1488
1545
36257
740
693
36288
3811
36312
1492
13837
727
1489
36315
36270
676
36291
13845
13817
5210
5201
36294
5246
648
1478
36267
20313
36282
1554
670
651
13833
36276
36301
669
686
23163
24904
666
37392
19115
1882
689
37333
37401
37336
37419
13796
37403
37373
5224
37385
37352
37354
37353
5214
37355
1948
37389
5216
37384
37349
37383
39056
24885
1564
3898
3832
2794
7830
45797
13825
45821
45792
13834
5218
45815
45796
45799
45808
45830
45818
1450
45805
45798
45819
13847
13793
658
45791
45811
13782
5245
45809
45793
1119
1514
45820
45807
13853
48410
48421
3815
1546
48454
48474
48462
48477
48479
48418
48404
48496
48497
48486
48401
48406
48498
48445
48492
48397
48398
48451
48407
48483
48431
48519
48432
48510
1469
48507
48449
48524
48489
48441
48481
48424
48501
3828
48413
13781
48488
48412
48429
48415
48435
48417
48484
48495
48447
48502
48422
1547
48476
48448
48500
48515
48458
48450
48513
39471
48503
24862
48439
48468
3810
48396
48526
48408
48470
48453
5227
48505
48402
48426
50198
726
50225
50207
1920
50197
50204
45859
50190
12654
55303
213
55305
1946
55292
55291
8005
55295
61792
61752
61844
61705
1111
61729
1482
61815
61780
61781
61738
58534
61822
61755
61824
61773
1915
19090
14759
