31917
0
31918
707
31916
738
695
1764
1501
13830
23172
13785
729
31924
1574
24864
2866
14315
31934
1851
701
725
1912
13816
243
741
696
675
14354
665
31932
697
7975
1992
5197
1519
1870
5244
24824
690
703
1874
1977
655
4658
677
1942
698
646
5195
191
1479
688
649
36277
32078
285
3811
664
5246
36296
13787
36309
1453
651
13833
5201
3880
1488
36293
5200
36282
5207
12637
13809
686
5252
1478
13820
676
36321
1530
8107
652
36307
669
36274
682
36312
1917
36264
691
3813
5241
36291
687
32077
5213
32097
737
710
36283
23903
702
13784
19102
36285
1533
705
36257
1469
48459
48414
48487
5235
48488
48416
48412
48404
39471
48407
48470
1470
48495
48428
24823
32101
5224
48398
48406
48450
48014
13776
8341
48403
48436
48439
13780
48505
3815
48418
3828
1547
48429
45786
48496
48441
48524
666
48484
5217
48401
48500
48448
720
48426
48415
48417
48422
48476
1119
1606
6755
61816
61813
61781
61782
3967
61824
61780
1915
1111
61841
1564
658
61785
229
61778
61712
61794
71386
71359
71352
71363
71360
71371
71406
71316
71319
71345
24895
19090
