31929
0
19101
1977
677
13830
729
1519
243
13821
696
675
654
646
13816
1501
31910
1938
13838
704
23197
31927
1570
1870
1851
1942
3840
674
690
706
31911
698
1992
665
708
1555
1515
1533
12900
731
656
13773
678
32092
1465
1479
23179
1958
32083
702
1536
1567
652
32091
1502
13823
13818
1454
228
1566
13809
32093
32082
2760
1543
14284
32227
32217
730
32221
693
2823
718
45859
1882
50189
19102
1529
1478
36269
3811
12640
5235
58538
58531
58508
48424
58517
13792
13798
45811
45869
60532
12109
60538
1477
1514
3087
676
5210
1453
689
1509
2747
67827
67785
