32556
0
2598
9378
4188
4096
32569
32596
4147
9799
32577
32600
13406
92
32611
3899
17282
9749
3207
9801
4177
32568
32540
894
5026
161
32578
8562
32541
9792
96
32594
7568
32543
4148
1303
32290
32584
9385
32566
32580
16732
28
5327
32612
32557
41
9738
32590
32550
32597
3561
32551
32558
22
4155
6915
4181
7599
4108
32599
32563
77
32576
32574
32547
12706
32544
32560
32583
32575
32561
20830
32622
32546
4121
4210
9734
99
22427
901
32571
21985
9774
32579
32570
4186
32592
9403
32564
32591
5172
85
32553
4320
17337
127
4105
9407
4313
4292
39997
12742
40010
4334
898
5182
4299
930
5170
12689
9369
25347
68
39976
39992
129
137
9
12712
40001
3160
75
9373
1275
39998
4158
4286
3120
69
13513
6940
5792
6900
39959
