32664
0
32663
4366
18810
2038
2241
18806
3490
32697
2217
4874
1369
1679
430
32715
7836
485
499
5635
2900
3491
11283
7860
5580
2049
4687
4396
4850
2324
4680
2302
18800
2322
2904
4845
4694
18809
4836
5603
4859
5610
1744
2291
4949
13632
15892
3440
20033
4662
5959
22120
4692
5792
4693
850
2230
2012
4726
33262
2246
757
7710
4672
3543
817
26594
7736
20028
3414
1374
2927
12093
3422
2018
2903
4658
4766
2009
22060
5832
2029
8080
2333
2037
834
6255
22101
2353
2127
1656
2997
2239
4725
469
7650
49154
2070
1030
2008
