327
4
314
251
286
228
243
669
727
652
676
738
737
693
730
673
670
11587
14297
14287
14292
14278
14285
14252
14333
14250
14277
14251
14328
14253
14336
14351
14260
14334
14340
14294
14280
12642
14316
14272
14338
14318
14309
14266
14319
14325
14298
14279
14322
14296
14286
14301
14295
14271
14265
14356
14324
14273
14347
14315
14284
14275
14269
14308
14343
14312
14282
14264
14258
14293
14354
14262
14337
14326
8455
14313
14259
14355
14321
14353
14352
14249
14320
14330
14332
14346
14345
14255
14359
14270
14283
