3293
0
1030
803
430
3423
2070
3336
3444
13605
13619
13689
6318
13609
13627
13589
13666
13597
13698
13591
13594
13600
13660
13607
13572
10815
13577
13688
13640
1656
13717
4926
13575
13571
13569
4703
13595
13679
13639
13592
13701
13630
13669
4717
13590
13685
13687
13676
4775
13723
13604
13588
13715
13566
4710
3525
13644
13617
4753
13586
13654
4755
13612
13677
13598
10341
13581
13645
4440
4707
4655
13621
13674
13633
4885
13568
13647
13653
13661
13668
4960
13583
4739
4879
13637
13601
13667
13711
13584
13681
13611
12569
13659
13599
13567
13603
13656
13643
13700
13565
13708
4666
13650
13638
13629
13582
4656
13587
6693
13678
13636
13663
13671
13686
13634
13580
4731
13576
4664
13574
13578
13719
4773
13709
6690
19269
19348
19317
19347
19279
19326
19376
19282
6296
19349
19323
19355
19336
19290
19007
19271
19288
19292
19280
19366
19264
19253
16777
19256
19258
19274
19330
19298
19353
19307
19281
19304
19357
19261
4742
19296
19351
19252
19301
19318
19295
19311
19350
6244
19303
19314
19260
19277
19356
19262
19278
19310
6246
19364
19340
19363
16842
57167
19889
57159
4718
50259
56457
65372
65380
65364
65391
65406
65395
19898
65408
65355
65386
65387
19886
65381
65394
18098
37490
65353
57545
65349
65390
65361
65389
38246
50317
65366
65376
65368
65346
65412
65356
58424
32707
65399
65398
65367
65358
65393
65348
65378
19891
65377
50312
49472
65352
57504
49453
65371
60767
65350
50298
65370
65354
65365
38248
65359
38249
49404
65404
65402
65347
65369
65360
65383
65411
60765
65362
57526
65385
50273
65357
58436
65384
25687
