3313
0
3330
3322
3338
3336
2062
3329
3307
3392
1024
3315
2353
3302
3347
3366
3312
3341
3407
3297
3314
3428
3332
3348
3360
3425
3395
3328
3306
3296
3344
3295
3399
3317
3339
1030
3384
3319
3337
3370
3292
3343
3446
10902
12556
10889
12566
12553
10882
4399
10869
12547
12543
10877
4375
4455
12552
1029
1836
10921
10884
10923
12567
10919
12559
12609
1026
12608
12581
4398
12538
4960
12595
12591
10927
12597
12578
10885
10925
11869
12563
10954
10881
10906
10908
7819
2038
9849
4433
15158
4658
15198
15179
15143
4393
11840
12665
30119
36192
10933
10951
4419
2254
4389
37724
4405
4422
9867
1385
36792
19071
15863
10905
38361
11831
9829
19050
4430
11842
15821
4664
13595
11926
3915
12306
56286
56306
56278
61461
50716
10868
