3317
0
3302
3353
3313
3337
3330
3318
3343
3413
3307
3315
3357
3312
3332
3296
3379
430
3292
3344
3360
3319
3399
3345
3347
2062
3323
3329
3384
3295
3392
3351
3336
3370
3446
3322
3366
3395
3314
3371
4445
12538
12536
4369
4398
12543
10869
3490
12608
11869
4399
12597
11831
19644
2038
2254
9849
15198
36184
1385
4451
4452
38361
15863
38371
4405
19071
11849
4389
4393
10341
6317
11926
6316
51656
472
49217
16800
51663
51628
2013
51632
16790
19898
13590
4879
57526
39839
13635
787
19366
4664
13595
65381
58435
