33199
0
13602
2049
33213
33222
30374
679
33210
822
12877
26559
7472
8107
4734
27930
13359
4752
33224
4658
1767
4697
831
27389
2009
14298
7966
3568
9641
1658
49023
2898
48979
779
1804
51167
4801
51177
51224
51229
26572
51182
16357
20062
51221
2979
51178
51183
51170
6617
6352
51163
51268
51186
51158
6252
51169
46450
51184
51193
51176
37564
4729
6266
51242
51299
860
51196
51266
51165
6253
1612
51212
51264
51222
1369
51247
6242
51207
51185
9145
51296
51238
51179
1294
41172
51213
855
37621
6333
51161
713
4858
51227
43924
51210
1640
37569
53976
4654
7419
22101
1336
57222
8062
58408
3525
18457
20235
3588
59740
17918
3013
13705
59780
216
59818
59727
62387
60682
25203
62375
4662
2230
71065
17126
4675
71087
10939
54429
1653
6245
6347
2246
15172
4700
3491
1646
851
1764
