33194
0
33219
20882
7979
822
33186
15882
2291
33274
1778
33192
33229
6272
26966
22759
33245
7689
33235
33197
5638
4752
33228
9136
33210
33266
2309
6251
4658
33220
26138
25302
33227
33205
33292
7675
33196
33233
33255
33201
2942
2964
2028
33226
4725
33225
2049
33236
20926
33187
32169
33207
33230
7964
7429
33238
10970
33241
33214
7710
33231
11691
33243
33263
33242
33215
33265
33208
33204
33218
33193
10344
36377
30161
68036
5762
36362
68037
26164
36360
68026
2900
68041
68045
36386
36367
68027
33430
68030
68023
56240
31846
68043
68039
56318
68034
68035
