33223
0
7710
2242
33243
33210
6293
33231
5677
2291
33186
33229
33227
33201
26138
33200
7979
454
20882
27930
18891
33188
33245
33221
33237
2914
6702
20941
12877
9934
9952
7689
15882
2942
2964
33189
33218
19982
33230
33215
23948
1782
4697
54120
36333
54145
6755
21309
43479
54088
19790
54095
5762
54092
10344
54085
54100
54087
54127
2927
54109
54126
54142
54131
6275
54107
2317
556
54116
54089
26572
7642
521
16762
58887
45984
7398
456
23297
43924
7678
4913
3462
30390
7459
3478
58907
3471
21284
41281
528
4414
486
540
2127
3469
3545
3473
12591
20061
43969
2047
3537
3549
21273
