33246
0
851
713
7953
216
41169
41160
41181
21562
41165
41196
41197
41167
3634
3673
1753
41193
38047
41164
41162
41163
41168
41211
3637
41204
3635
21706
21777
3631
9645
3667
41216
41188
41189
3620
3636
7479
3621
11616
31372
3652
21611
21603
3624
31394
3619
41206
38084
41195
3640
41180
3655
41157
41158
21569
21685
31364
3643
41178
37999
37600
41187
30119
41209
41177
1815
1752
41175
41179
3677
41171
3659
41202
31368
3660
3614
3618
31366
31265
43075
43069
43067
43085
21616
43066
21765
40284
43070
43054
1316
11642
48842
48854
48855
48852
38031
48890
48844
48858
48909
48839
48863
48873
48879
1837
48883
48853
38048
48820
48869
31355
48818
48837
48864
48851
48822
48882
48834
48849
21883
22249
43291
31354
12079
55545
1714
55572
3650
55542
21828
56546
56547
56560
56550
38026
46702
46690
18742
21842
56600
21850
40320
46691
1755
56565
21708
21692
1773
14602
31358
1607
59158
31365
21821
61393
33011
61405
18741
61402
31376
40590
31401
61413
64404
64401
64396
64400
64416
66881
40606
4483
38023
21721
3877
14710
76068
76072
76071
76069
76052
34348
76058
76065
