33241
0
7710
33201
33266
679
20926
33215
33186
33229
1767
33228
2942
33210
7675
33219
33230
2037
7429
33265
33242
2309
2028
6251
33235
7689
33192
33204
33194
8107
26966
33236
33197
33243
33233
33255
33227
33238
33274
4752
33208
33187
9136
33218
33205
6272
33196
33220
4725
2291
2049
20941
25302
15882
33225
33231
68024
33430
68029
68032
31846
36362
26019
68049
68034
68030
68043
68036
56240
36351
68026
6236
68045
30161
36360
26164
68023
10344
68040
36367
56318
6273
5762
36377
68027
2900
68041
68044
68025
