33265
0
33196
33231
33228
33190
33242
15882
2942
33230
27389
33197
7979
20882
33208
701
7964
33243
20926
33192
33214
33245
33201
33238
33273
33225
33266
7689
33235
33219
33234
7710
4725
33186
33227
33218
2964
33236
7675
25302
33274
33220
33202
33255
33216
6272
33195
33191
33210
33187
33215
33251
33194
26966
4063
4658
33241
33257
33205
33204
33430
68041
36351
68047
68030
68036
68024
26164
36362
68023
68040
36377
5762
30161
68029
10344
68026
56240
56318
68025
31846
68043
68034
68037
68035
36367
68027
