33331
0
33345
33311
33325
33319
33371
580
33327
16538
33313
16507
33348
486
33387
33332
33304
451
33334
33297
33381
33366
550
33355
33399
33357
541
525
33314
33339
33342
33374
33362
516
24402
33347
483
440
33340
33303
33330
33352
33306
33351
493
33307
33361
33310
7868
33364
460
625
33346
33320
452
33300
503
33322
480
467
33296
33379
33317
33318
7908
33363
33312
468
456
548
42339
2291
570
7668
42344
7423
42332
42335
543
42328
1807
7953
2969
2908
18118
20772
7909
42333
504
34102
4662
58884
58898
498
7650
7695
58908
826
521
9133
7421
9197
13108
216
