3335
0
3315
3360
2070
3333
1024
3357
3307
3336
2026
3334
3296
3397
3329
3343
3304
3427
3302
3297
3363
3405
3347
3421
3392
3348
2062
3358
3325
3362
3366
3316
3314
3375
3410
3341
3378
3323
3319
3311
3340
3365
3305
3384
3322
1030
3337
3309
3416
3356
3338
3420
3346
3428
3371
3321
3372
3380
3318
3395
3370
3407
3425
3377
3388
3437
10928
4379
15496
15810
15821
19073
15479
9821
15197
7890
2038
19054
19078
16482
15487
19036
9830
15494
15501
19037
11829
9888
16518
9842
9861
9838
26601
16513
17843
17855
17857
16494
4421
17483
26617
17854
17846
50090
15175
15195
12615
2254
15147
4369
50104
50106
4398
50086
15463
51501
17875
39576
17864
4430
9863
15460
11886
4364
17870
624
4419
4373
35366
68573
17853
72250
26725
12545
4444
