3337
0
3338
3296
3298
3371
3366
1347
1024
3295
2026
3307
3313
3297
3292
3336
3354
3343
3365
3309
3347
3446
3311
3360
3344
3332
3330
3410
3378
3427
3314
3340
3357
3407
3341
3384
3425
3393
3322
3317
2062
3339
3395
3302
3319
3315
3323
3399
3329
3318
3490
4451
4368
4402
4388
4371
4440
4367
2217
4363
4433
4456
2254
4419
4389
4373
4445
4374
4422
4413
4405
4430
4444
2111
2127
4369
4455
2117
4421
4364
2337
4393
4452
4379
2038
2291
4362
4466
4437
4398
2241
4375
4396
4450
4399
12543
12557
12566
12576
10883
12537
4960
12547
10925
10875
10919
12595
12575
10927
10921
1836
10923
12567
11869
10892
12578
12608
10882
12556
10885
10948
10902
12553
12591
10877
12615
10881
12552
10884
1028
10869
15164
15198
9849
15149
11840
15158
2224
10928
15147
15175
7819
15171
15206
10908
15143
15863
15860
19046
19078
1385
26768
10974
2689
10933
37724
22120
38360
38350
10905
11846
8319
11831
19644
11849
20407
15460
50104
11926
50086
61461
50716
10868
26601
26724
72154
