3347
0
3360
3292
3330
2644
803
3332
3314
1024
3357
3041
3337
3322
2021
3339
3391
3369
3315
3358
3338
3366
3395
1030
3346
2026
3374
2353
3350
430
216
3407
3301
3329
3399
3384
3394
3309
3351
2969
3343
3317
3323
3297
2062
3307
2070
1347
2238
3365
3440
3392
3378
3313
3375
3336
834
3302
3299
3295
3371
3341
3406
3319
4397
4399
2279
4379
4456
4405
4396
4466
2109
2111
4371
4369
4368
4408
4455
4419
4398
4433
2255
2230
2254
3545
2241
4403
4381
4395
4465
2291
4362
4364
2009
2038
2333
4440
4363
2226
4393
4413
4430
2013
4451
3490
2117
4375
4389
2042
4422
4374
9834
2908
9890
9883
1369
9829
9888
1656
15525
15501
10734
15471
4536
15495
4516
15557
3037
3042
15545
2324
10869
5373
499
2689
26780
4680
2224
4694
26768
37724
2246
1385
15863
19644
11831
38353
20407
38360
802
849
38350
11849
38359
15175
12301
15147
50086
15158
12575
61461
41145
1263
11898
2301
72154
18857
10958
