33484
0
19007
33497
33474
33489
6272
9949
3929
33473
9979
33509
1650
15743
33502
9955
4930
33511
10815
9939
9967
4879
4717
33490
6282
33499
33481
1603
15782
33495
1662
33488
33506
5825
33496
10687
9975
9941
33478
33515
33479
15763
33475
33470
33472
33500
4664
33482
6283
33501
9950
33505
9956
9162
9937
1675
33483
33493
6288
33498
9938
9947
33487
1636
9928
9952
1664
9966
9944
9934
15742
13666
33508
5765
13717
9929
5816
9933
9922
40824
9972
9965
9976
42579
42587
1624
7979
42583
9926
42582
9931
57615
57579
57578
57611
57574
