33504
0
9947
10815
33515
13718
13595
33488
13650
4709
472
13578
33484
13637
33490
4664
13580
4879
19886
9952
33519
15763
15743
3469
33514
1603
6283
1675
9955
10341
33483
15742
49445
20018
19282
25010
49385
49418
49404
49428
49469
49458
24710
49386
24683
13573
24792
49427
49393
12597
49439
13688
45528
49452
12331
49424
13565
49395
49450
49419
49396
49410
49465
24672
13635
49416
13572
49382
19376
13645
49459
49440
49453
49399
49460
49389
49414
49447
24673
13574
57520
13587
40801
13609
4666
4655
4755
4707
13632
13590
13676
50321
430
4703
58400
19915
24709
4926
13668
4731
19891
72391
72400
72375
72382
72377
72372
72376
4726
72373
72389
72398
71424
50470
72399
34758
13633
72396
73192
24738
30693
