33512
0
18098
4717
3490
9928
2124
33496
10815
3549
9955
2254
6244
4879
15782
3336
4664
3539
13595
26783
19355
4383
2279
19361
2013
4395
39800
4666
11839
430
32195
25687
27557
19347
25691
39602
11921
4371
16842
13674
16777
39799
35448
19257
4363
39820
4402
30051
16821
3332
6318
4412
2280
16776
20012
4440
19311
20029
5821
39593
26724
4374
13620
27551
4659
4437
27882
4703
19262
2038
3502
32251
2062
19284
25674
19301
3470
6246
35484
45747
850
19340
4850
45753
45752
45772
45764
526
45765
19292
45755
19302
13656
38475
46124
49132
13659
2076
58172
13636
58156
25690
49140
58181
58159
4377
58142
58182
19267
27572
58175
47164
58170
13612
27428
13569
19307
25681
13644
58191
20009
58157
19271
17885
20053
13635
65609
50437
20407
49155
3013
13705
27429
4885
65625
19280
65635
2255
817
1030
13633
3319
17896
