33535
0
33564
932
33558
33588
9368
33575
28950
33605
9372
33527
33539
33623
33560
33545
33576
33644
33640
33524
33657
33541
9639
17241
33529
33624
33553
33654
33547
33681
33614
9370
33616
33638
33682
33626
4108
33543
28951
33567
33613
33592
9376
33622
33572
20815
5395
33662
22814
33685
33549
33546
33556
33538
33610
20808
33570
4357
33554
33563
5172
33629
33631
33606
28718
33684
33612
33632
33665
6182
33669
33552
33641
5405
33676
10598
33658
33531
33677
26869
33574
22809
4292
33526
33656
33667
33569
17294
33584
33587
33598
33672
33668
10305
33579
33648
33645
4299
33542
33618
33593
33688
33583
33586
33659
33559
3207
33611
33533
12693
33620
33525
33589
33565
33630
4314
33591
33633
92
33562
33568
33523
9386
5757
33528
8562
33649
33625
33650
