33589
4
6116
33543
33610
33542
33625
33548
33602
33554
33533
33553
4314
9639
33535
8557
33523
33526
33581
33557
33593
33529
33584
33671
33643
33633
26869
33540
33550
33684
33607
5757
33558
4292
33528
33534
9368
33583
33669
20808
33568
22814
4108
92
4299
33531
17294
33580
33634
33608
33599
33545
33617
33603
33571
5405
5172
33673
33628
4084
33666
17439
33559
33552
43301
43309
43314
43291
43277
43323
43341
43282
43343
3967
43347
3905
43340
43348
43297
43292
14711
713
43306
12785
43352
43315
43302
1140
43350
43362
43275
9909
12921
43351
43293
43274
43366
10918
43365
43304
43280
43296
4181
43290
1676
43324
43313
25696
43372
13405
43339
43342
43335
43278
43299
43361
43303
43298
7953
43331
43283
43344
26039
43329
43294
3913
16732
48614
7228
48606
48618
48619
20810
9385
48605
4147
20818
20813
2598
48681
48684
48625
48647
48678
18104
20809
6780
20821
48630
48611
48672
4168
48615
216
5327
72003
72031
72032
72056
72039
72048
72042
72014
72020
72026
72108
16422
72083
72077
72006
72104
69039
72027
12690
72034
72055
9398
72033
72015
72073
72095
72013
9405
9765
35352
74507
74487
43874
25507
4148
74514
25508
74528
74521
24219
74495
