3370
0
3349
3409
3322
1386
3309
2062
3311
3303
3340
3337
3394
3442
3317
3329
3413
3366
3350
3315
2026
1030
3312
3371
3369
3296
3357
3384
3427
3336
803
3338
3358
3422
3392
3446
3292
3360
1024
3314
3351
3332
430
3431
3410
3348
3426
3354
3440
3344
3307
3327
3297
3323
3313
3365
3319
15149
4398
802
15154
12608
4413
4399
10869
12301
4393
15200
2241
12615
12603
733
2038
15165
4364
12575
38353
10905
38372
2117
13387
499
11925
38365
8319
19644
11865
4389
38357
15460
19932
38356
33584
38370
4405
38346
1263
4422
4419
11847
4456
19063
2111
49204
12543
