33703
0
33716
33699
33704
33744
33735
33717
33702
33734
33726
33725
73785
73800
73865
1600
73794
73761
73893
73833
73868
73760
62137
73850
73906
73791
73845
73822
73757
73892
73871
73864
73796
73783
73750
73788
73762
73825
73805
73806
73817
73819
73827
73804
73772
73813
73820
73897
73866
73771
73896
73841
73881
62077
73846
73749
73801
73769
7032
73854
73787
73815
73831
73768
73840
73849
73853
73876
73843
73885
73747
73756
73809
73792
73795
73755
73812
73814
73834
73776
73848
73886
73899
73907
73856
73863
73770
