3391
0
3394
2969
3374
834
3352
2286
3375
1347
2644
3890
3946
3931
2689
3872
3895
3873
3882
3892
3903
3896
4004
3899
3889
713
3938
3893
2108
3897
3900
2996
3956
3926
1187
3884
3904
3947
3970
3925
3883
3985
3891
3916
3911
3921
3986
3905
3943
3894
3928
3954
2598
3888
3915
3902
3953
3920
3966
3930
3980
3933
3929
3906
30981
30916
30915
10949
30973
1317
2899
30952
30911
30933
32851
32905
10910
34171
34172
34188
844
34168
4718
10870
34169
10938
10878
802
26729
4656
48970
10896
48988
48976
48972
23232
48985
10898
30330
6746
49010
48989
9641
10916
5283
48968
49012
20903
20889
12785
8982
28052
9084
9022
7953
64463
21926
10901
64512
64516
64476
64484
47113
64467
52495
64468
28021
74382
74375
13775
74362
74391
