3395
0
3303
3381
3328
3348
3329
3365
2062
3297
3292
3341
3307
3384
3315
3358
2026
3041
3309
3422
1024
3336
3314
1386
3360
3379
3339
3316
3337
3332
3439
3394
3371
3317
2644
3319
3357
3366
3322
3296
3338
3313
1030
3347
3353
4383
4858
4898
4664
2241
4960
4903
4930
4703
4468
4375
10888
2996
10928
10925
10920
10965
10892
10877
10889
10923
10893
10885
4389
10950
10900
4450
1025
2689
10919
10883
10921
1836
4368
10906
4379
10881
10953
10869
10933
10899
3905
10875
10927
10937
10908
10907
10902
10879
4455
10882
12553
12556
3490
4445
1026
12595
4369
12582
12566
12611
12567
12615
12543
12603
12563
4398
1033
12544
12571
12537
12547
4399
12578
7819
15164
4367
15155
4440
4393
9849
8319
8324
2301
3502
16842
2217
18790
19340
3469
16776
2009
18090
20029
2013
20047
11921
19063
26724
27567
27883
4388
32181
1336
4405
2254
11859
9829
38364
1385
4451
4452
11849
4421
35482
13595
25674
4374
47121
16777
27551
27557
37495
4402
10815
27565
45494
1658
19351
50716
61453
2382
