34069
4
34070
2908
34068
31950
10743
6312
2028
7642
19943
10786
34135
34075
19965
4394
16801
2975
6260
7443
34104
7678
10789
6278
6317
7650
2302
32924
33217
31948
34139
1374
34064
7416
2903
34078
7439
9678
6243
6277
2291
5984
7395
21410
26144
2321
6024
51689
14080
19954
14094
12425
7649
4407
803
43922
27384
7464
19951
7407
863
713
1807
14097
7979
2899
14076
7681
4859
4766
6304
20755
5644
24343
5762
2945
27947
7432
12303
7430
7690
2892
18818
55379
7654
55403
7670
20061
20941
1721
19955
10772
45691
27972
7695
55375
55368
55367
4700
7687
10808
55434
55405
31263
52827
41281
4431
38164
26021
19982
12591
1803
9169
2049
26152
7471
7459
7415
6252
58887
2309
18615
10777
9186
26955
7417
4719
68930
4723
7408
2914
27973
26900
861
7672
3490
8080
679
1113
2013
68918
4777
10892
14577
2225
10837
7442
30600
24189
2900
27934
1722
68920
10746
26023
5589
28370
7660
3471
12959
10763
26559
10747
7658
10911
9131
15425
7694
4662
7733
