34378
0
41
63
22432
34398
20115
91
99
20104
39
1003
32478
20
127
11940
29833
4151
135
935
11965
157
5
955
79
37
4196
895
4198
98
11951
18493
18
34396
74
20105
85
930
77
907
34395
923
7
9
34397
7560
933
20092
31422
10
34377
34376
29857
123
7600
137
92
7565
34380
34393
11970
132
31419
11975
44
34392
898
34389
7568
0
105
97
101
35209
4069
4171
52083
30475
32456
32403
126
35194
66689
6928
20101
22433
66701
40000
4121
936
6935
919
35265
45011
66695
40
932
4170
4096
156
55233
66714
4105
9744
20082
971
64
66717
34722
66684
162
30
52081
4183
7607
32462
36429
66713
889
32274
66685
47288
4148
913
20090
45
5327
4212
934
116
1009
47286
8
31420
72
11972
4154
6944
70
66698
22429
66733
71
910
906
16728
47
35138
36436
82
959
115
32461
45041
11981
31483
6940
22434
36430
24
136
