34396
0
0
98
32425
18493
127
20105
20104
85
74
7560
63
7565
30483
41
898
123
79
4198
7
10
7600
34393
7569
34395
157
34388
34389
37
923
4196
75
34401
20
34391
12
34403
92
7568
39
94
5
77
91
99
29857
20092
137
40001
16728
11956
101
28
25145
66701
70136
36433
66714
66
6935
70137
47314
22429
39968
22433
39692
66695
32462
156
47267
20082
32477
47264
1001
4154
42
70146
45035
32564
45037
6944
160
66685
114
7598
58
47562
4186
2
36429
47301
51
70149
45041
140
38193
70139
12356
70141
4069
12354
45011
35209
70152
30475
47274
36430
36436
30
52
107
7606
936
7587
80
78
71282
7576
130
45029
4
4205
161
7593
126
