34590
0
34591
11491
34579
15034
10060
34597
15090
10147
34566
34581
34644
8761
34575
9524
11169
34663
30612
34632
34625
1651
7792
11157
6535
12637
34598
34651
34631
34580
10795
2969
7966
4063
9397
7712
10918
18168
19186
19156
8004
1764
216
7836
713
8013
6624
3908
701
5309
16664
8107
8444
11251
724
36027
28682
3898
1658
5243
10915
8220
10370
10369
3066
9035
7801
6008
20348
1317
4584
12529
1606
653
44381
3899
44431
44442
1641
10893
8369
2948
660
712
11179
3905
44957
2946
44969
3966
44968
17560
11641
17607
10157
4483
14722
26872
14712
26120
10138
3907
1275
3880
50738
2923
10909
3923
17118
17100
10939
43191
28795
50737
30812
4578
24115
51197
3934
12422
12120
3560
662
