3463
0
2301
3502
3537
3521
3536
3462
3549
3511
3472
3475
3535
3545
3484
3527
3464
3490
3473
3497
3465
2124
3507
3515
3534
3479
3466
3483
3471
2013
2246
3470
2242
3519
3468
2009
3467
2241
3485
3482
3477
3469
3531
4394
4407
4429
2228
4396
2309
2026
2254
4384
2230
4368
4424
4421
2217
2021
2279
2127
3336
2238
2249
2038
3365
2243
2225
2291
2337
2111
2333
2255
2256
4416
4440
4715
430
18783
2322
4696
5603
4693
5614
4845
2324
4859
2945
18790
5610
9682
2947
2931
7429
2936
26783
25712
2224
10974
1369
20007
20027
2047
20005
20011
826
499
25002
4670
4689
4668
6254
43986
20032
4675
4719
4700
43974
7646
6324
28723
43970
6238
7687
20044
43991
2914
7686
19010
16800
6252
6317
43968
27296
16842
528
10420
19966
21284
4846
2987
7979
850
30087
4686
13620
10815
7396
