3467
0
566
2301
3517
2241
3562
3547
3466
3511
3476
3480
3472
3556
3464
3474
3503
3534
3475
3459
3477
3478
3519
3518
3483
3536
3513
3550
3465
2013
3535
2242
3481
3479
3505
2297
3528
3521
3492
3549
3462
3471
3502
3484
3463
3572
3500
3490
3515
3504
2124
3538
3520
3473
3512
3554
3523
3516
3544
3545
3497
3486
3553
3540
3485
3493
1336
3496
3527
3532
713
3576
25002
4705
2127
6254
4689
31122
2230
586
4764
43995
43968
43980
20044
2279
43986
2243
60674
4846
10420
18999
60890
6863
60899
16799
60905
60893
1764
60886
60892
7979
7270
