34696
0
12355
80
13
12354
75
12361
7
85
34701
95
123
99
129
109
46
20
24
128
91
77
12373
57
12353
34704
92
34709
69
46914
107
31990
5058
18
18493
6
36
90
46938
137
140
63
86
158
46895
38
46891
32014
105
68
46892
162
4216
47279
47298
127
47269
4154
25143
27633
47274
47319
47339
96
47335
30475
47300
45013
4198
12356
12742
5182
47330
106
47332
47352
7599
50
47601
5327
47587
47576
47565
47567
45029
47572
139
25146
55218
18524
55214
55228
30501
55262
49961
55245
55258
20967
55251
101
27535
55264
11977
55227
55255
4212
55235
34401
55248
55243
55233
39
55246
45030
55249
55216
55261
49988
55241
132
37
11975
67108
67010
7567
11970
67143
72972
72977
25
27720
