3471
4
2013
3516
2074
3554
3489
3477
3466
3567
3542
3468
3537
2246
3571
3568
3513
566
2124
3507
3520
3555
518
3540
3549
3470
3506
3599
3521
3534
3545
3486
3485
2023
3478
3483
3493
3518
3492
2241
3556
3544
3527
3526
2297
3472
2301
3569
3533
1336
2009
3531
3523
3490
3535
2242
3464
3504
3500
3481
3519
3475
3536
3503
540
3491
3482
3576
3514
3570
3473
3459
3465
3517
3467
3502
3511
3505
3469
3462
3497
3538
3474
4694
4738
4715
4696
1807
4705
4710
2243
4383
4656
4764
4700
2945
4749
2049
4780
4777
4753
4693
2291
1369
527
4667
4670
4675
2108
4717
4655
2324
4773
826
520
4664
4687
1656
2047
4666
506
4686
4658
679
4713
2689
4707
454
4701
4668
4689
4752
4677
4703
2230
4728
4704
2279
4719
4669
2027
6266
6302
6247
6279
6317
6318
6273
6264
6337
1603
6237
6251
6236
6245
4858
6252
2900
6304
430
6238
4926
6275
6248
6301
6265
6312
5825
6316
2309
1675
2127
6262
6278
16782
16776
2996
16745
472
16768
16812
2361
16799
4818
16800
7491
16755
4870
16771
16801
4417
2067
16749
526
4885
12097
7710
839
19023
19000
19007
2029
19004
7257
19010
18999
2326
10815
19020
19015
4394
4879
10799
25043
19987
2256
2987
25051
24965
24456
9952
25010
6679
2302
3880
7429
25002
9633
2038
1764
15880
9022
26318
26316
26338
26552
4416
4384
12138
4414
3440
31122
18905
1641
31535
7744
1658
1606
9955
13626
4930
4964
33514
3336
13650
33516
13666
13595
8464
9939
2254
5821
4440
2217
4903
13674
2070
2225
9929
40472
863
659
9641
17439
41072
25203
216
1115
1303
3087
43995
43970
43968
43993
43986
4407
43980
7646
28723
461
45762
19292
4846
20015
45921
16313
30144
44893
802
13574
48787
7979
7964
7412
13632
5442
3366
3319
7966
2111
2026
3314
19711
2353
1030
27389
2903
30374
2012
528
41281
30615
10934
464
20061
34150
19475
5243
2255
14760
60889
813
14669
60886
11654
13283
60900
45595
3307
2249
24189
7403
19948
14577
7471
7658
34083
2306
10911
5589
1803
10743
243
660
10939
13579
733
10344
1734
10903
11637
10970
653
14224
16270
16388
