3485
9
3486
3528
3497
3570
3471
1336
3503
3482
3511
3562
3468
3505
2009
3532
3475
3554
3518
3516
3515
2124
3519
3563
3544
3572
3500
3477
3567
3520
3479
3492
3472
3502
3462
3556
3490
3465
3464
3504
540
3478
3466
3553
3484
3571
2297
566
3534
3537
3535
2242
3547
518
3576
2074
3517
2013
3531
3473
3491
3507
3550
3549
3543
2301
3431
3489
3523
3521
3533
3548
3469
3540
3526
3467
3527
3481
3463
3513
3508
3474
3493
3506
3536
3538
3522
3460
3545
2241
3510
3480
3470
2023
3476
16800
16799
24954
4658
826
4719
19020
19010
16782
1764
839
25073
4879
2038
2302
2987
7270
25002
4689
586
5792
26553
12138
31130
2127
6254
31122
2230
2326
4414
2047
43980
43969
2243
16739
4764
43986
43968
19023
46409
46466
1745
17101
46489
46495
15457
43110
46115
5650
4692
19015
4665
7860
4846
4872
12854
1369
4870
30374
19004
60674
10420
60892
60890
60891
60888
60886
60899
38416
60893
33416
60905
16766
69391
6298
10939
