35
0
74
19
33
55
62
112
95
43
171
157
10
98
158
63
38
52
2
156
134
137
67
108
161
124
107
0
94
140
58
48
45
84
85
82
148
153
160
113
80
104
100
16
18
123
117
61
26
126
24
28
68
163
135
128
53
150
57
144
86
17
50
133
131
122
31
44
143
71
4
6
106
27
34
180
66
139
37
12
168
1
105
101
76
79
5
69
59
51
56
109
91
77
8
81
116
88
162
173
64
39
36
93
42
97
130
87
13
99
114
18493
4198
11975
34376
1003
34396
34391
32425
20105
34406
898
31422
20115
34402
3160
4196
7568
7560
20104
34401
34380
29857
34407
34382
34393
34395
20092
32478
34392
7600
25146
47566
47574
46943
47271
6935
12355
47274
47576
38206
47571
7583
47586
12361
34696
47602
7580
5327
47556
47585
34701
4216
47589
7573
12354
45020
47307
47279
47600
47581
39700
47282
27778
