3513
0
3474
3522
3503
3547
1336
3472
3549
3550
713
3489
3476
3466
3507
3479
3581
3511
3473
3475
3515
3531
2241
3470
3537
3545
2242
3519
3490
3533
3527
2297
3500
3508
3538
3518
3534
3465
2246
3514
2009
3502
3541
3478
2301
2013
518
3532
3469
3516
3517
3462
3471
3485
3459
3506
3520
3477
566
3526
3562
3482
3464
3431
3497
3569
3491
3556
3510
3576
3536
3563
3554
2124
3493
3481
3463
3467
3505
1764
526
24954
16782
25002
19020
4719
15880
7270
16800
9030
4658
2302
25073
839
19283
2256
6278
2987
16749
19987
26312
26321
14643
2127
4705
2047
4689
817
31130
4675
43986
19023
2243
4870
60900
60893
7710
60886
4686
4383
60898
60889
2291
7979
60888
