3514
0
3503
2241
3492
3502
3460
3475
3500
3482
3548
3519
3536
2013
3541
3535
3539
3489
2242
3481
3549
3470
3471
3461
3543
3466
3527
3505
521
1336
3493
3525
3469
3509
3497
3483
3504
3538
3485
3518
3462
3465
3522
3526
3511
3542
3510
3491
3477
3515
3476
518
2301
3521
3513
3472
566
2124
540
3478
2297
3506
3464
2009
2023
3534
3545
2074
3576
3567
3537
2246
3531
3507
3473
3516
3490
4725
10815
2008
7710
18999
2326
19007
4689
2029
19020
4764
16819
2049
839
472
16744
2250
19002
850
2127
19023
19006
19018
19017
19001
16764
19015
16775
4675
2047
2243
