3518
0
2301
3473
3540
3548
3521
3463
3469
3502
3507
3536
518
3462
3527
3497
3478
521
2074
3472
2013
3538
3516
3506
3471
3535
3567
3512
3465
3491
3505
3482
3481
3483
3537
3470
2023
3562
3464
3534
713
2124
3514
3576
3509
3556
3467
3523
3513
3549
540
3461
3466
2242
2009
3475
3511
3541
3545
3489
3490
3531
3476
3485
2246
3519
2241
472
4384
43968
4689
6238
25002
19023
2243
2326
43986
2047
43980
2127
6324
4675
16739
45758
4658
41072
4717
16737
2291
4680
2049
4870
2027
60886
4696
60890
30087
2927
813
26553
1374
2008
67620
44153
16801
4903
4446
16773
67621
2082
41023
16809
5585
4728
4667
2306
20005
16766
44146
5695
16755
16768
6278
74281
4683
25203
