3519
0
3516
3505
3459
3491
2013
3522
3532
3554
3489
3469
3510
3560
3568
3486
3521
3553
2246
3549
3468
3513
3472
3470
3550
3479
3507
3477
3523
3463
3562
3493
3512
3511
3544
3506
1336
3518
3534
3467
3485
3536
3482
3476
3478
3531
540
3464
3481
3475
2009
3471
3502
3465
3503
2242
3500
2297
2301
3484
3533
3473
3526
3497
566
3490
2124
3504
3508
3539
3545
3538
3515
3466
2038
4719
19020
839
4394
16799
25008
2987
7270
25002
7429
6304
4658
526
24954
1764
26553
4705
2326
31122
4670
6254
4414
817
2047
4668
2127
31130
6262
19023
43986
4675
26556
4870
