3521
0
2074
3561
3536
3497
3485
3539
2009
3490
540
3535
3462
3507
3470
3506
3471
3542
2297
2241
2246
3513
3502
2023
3545
3489
3478
518
3588
3518
3472
2242
3523
3537
3527
3468
3549
3467
3481
3469
3483
566
2124
3463
3516
3550
3475
3525
3473
2013
3544
3466
3511
3514
2301
3464
3491
3534
3538
4815
2324
4703
4930
4667
4859
4870
4951
4902
4879
4912
4823
4896
4818
4858
4822
4846
4850
2322
4913
2291
4701
4664
4700
6262
4693
20044
3319
4719
5650
2049
20005
18783
20017
16790
2309
4404
2279
6278
430
472
4424
2306
4394
12138
6245
2047
19015
4675
4384
4764
16812
2037
826
4416
2230
31122
31128
25002
4689
4670
817
2326
2127
6254
3440
4407
8044
6266
6324
6238
27296
7646
43977
43993
24954
16739
16800
43970
2243
6252
43975
7686
43980
10815
4770
16764
850
4658
4680
45760
16744
41072
16797
4717
19007
2355
16754
2027
4728
1303
16792
19000
4777
4752
2026
2353
2029
4692
485
21273
19966
19004
19982
30087
60890
2255
4696
19020
60891
60892
7429
2927
813
4686
2987
16270
10939
7412
7767
7964
4683
6247
6246
71076
6279
6298
2093
41023
44146
44145
16760
15773
19002
74281
16819
18999
