3527
0
3518
3534
3492
3497
3483
3464
3539
3502
2301
3514
3542
3538
3482
3513
3478
3548
3468
3523
2013
3506
3467
3466
3521
3516
3555
2124
3540
540
3472
3462
3535
3490
3505
3463
3489
2023
3473
3537
2074
2297
3493
713
2242
518
3536
2009
3469
3470
3549
3461
3485
3491
3545
3541
3507
3511
3471
521
2241
4407
4416
2127
2309
4417
2291
2216
2042
4446
2326
2275
3295
4380
2026
2230
4463
2067
4384
2255
2021
2231
4414
4377
4464
2008
4383
2243
2254
2250
2217
2252
4404
2102
4672
4654
4674
2324
4658
4675
454
4687
4696
4689
506
499
826
3434
4719
2047
4717
4718
4764
2049
485
1656
4683
520
527
4667
4770
16744
2082
16801
16755
16773
16786
4899
2361
16768
16790
16752
16746
4870
16739
16761
16759
16782
16784
16772
2077
16839
526
1414
16787
7491
16753
16771
16832
16809
16812
16734
1274
16803
22108
22111
2306
22067
22094
22060
22076
22061
22083
18805
22089
22115
20014
22090
22122
22128
22098
22100
22130
6278
4913
22101
10786
2099
19937
22133
22119
22069
20044
20033
22065
22095
22078
12842
22121
20046
19948
20045
22124
2012
16364
22103
22120
20015
22086
22081
22114
18790
20018
22145
22102
22096
22136
2065
22131
22063
22066
4896
2224
24954
28723
27972
44005
19010
25002
2024
44150
18948
44146
44182
44187
2064
2029
44145
4858
4846
19006
41072
40458
45777
31084
2022
30374
7398
46026
19982
2107
46000
4873
46013
1724
27279
2936
46036
19939
45991
34070
7429
48787
463
19000
20005
65001
11921
1030
27875
65017
59298
1332
67621
67620
72521
3401
74281
74280
26553
7729
