3531
0
3466
3504
3545
3464
3468
3497
3471
521
3553
2301
2242
3503
3459
3526
2241
3516
3581
3479
3493
3515
2246
3477
3491
3505
3528
3511
3538
2013
3513
3549
2297
3500
3550
3467
3490
3462
3475
3536
3508
3492
3519
518
3520
3470
3523
3469
2009
3554
3544
2124
3473
713
3502
3485
3534
3507
3562
3576
3482
16782
10799
2361
19020
2302
2309
6304
6679
16800
2038
2256
526
24954
4719
18818
16749
4658
839
3880
25073
24984
19015
26553
2230
817
31130
2326
6254
4414
4705
43986
60681
8419
8086
7710
2908
13283
2291
7979
2936
813
5322
2049
11654
38416
10695
60893
2927
5243
41072
12671
822
3401
16766
849
4728
16801
7867
