35424
0
4422
11839
2038
32195
27568
4421
35460
30084
27564
35463
2255
3336
27560
4703
35446
3307
10815
35469
35439
19299
35482
4960
35440
4381
26724
35511
35484
35458
4402
35498
4371
875
35427
35473
35448
35467
35506
4378
35429
35503
4912
27883
35435
3316
35496
27866
25673
35489
4368
27567
27551
20009
35436
32186
35481
2254
4374
5821
27807
32199
45514
39615
45506
39601
45492
4388
1386
39599
45513
13644
3348
45499
39801
2026
45508
45510
39605
4395
45497
45494
27558
3423
45504
3296
11921
50418
4902
27565
37495
39607
39581
39571
50431
4412
4896
47165
4389
50408
27550
39577
39623
47121
4363
2062
50420
50422
50399
50460
27557
49578
2067
6318
4904
