35439
0
35456
35430
26724
4371
11839
27883
35498
35435
35511
35462
35443
35446
32211
27567
26599
32195
10815
35463
27866
4422
30090
35440
35465
4421
35436
4374
35424
27551
27568
4378
35458
26601
4437
35432
4828
26782
3307
2254
32667
30051
35427
19299
5821
30084
35447
27876
4402
27571
35503
3316
35459
35496
430
4381
26750
4398
13620
4912
39575
20012
25674
39574
4383
39604
39603
39614
39581
4896
4388
39622
4395
39571
39596
27565
39577
2062
39583
3439
39591
39623
4904
18120
39600
27882
39599
4363
39573
18841
39605
39585
39580
2280
39584
39586
39626
39592
11921
27557
2067
39812
39801
16842
4458
26585
6318
39811
4412
19361
4973
16760
15164
37495
45752
19292
32663
47134
45505
27807
19018
45492
47138
47148
25710
45497
47144
47121
27561
45504
47171
3365
30075
12569
71559
3296
71550
71551
