35436
0
11839
35424
27568
13620
35463
35439
27564
35487
4437
35506
35495
35484
35489
35511
4402
4422
35460
26724
4398
35429
4381
4421
5821
3336
27551
2254
27567
4371
32186
35427
4912
4374
4368
3316
10815
3307
35440
35458
35435
32195
35446
6318
39805
39600
39582
33512
39812
4412
39801
4383
39608
4363
11921
4395
4458
20012
4388
39623
27550
36614
47126
45499
27565
39577
37495
45772
47127
39571
47140
47132
47137
45492
39626
39592
45497
47145
47135
47164
39622
4389
45504
45752
47165
39599
18116
39585
47121
27807
