3544
0
3538
3527
3473
3536
3560
2023
3464
2074
3562
3506
3463
2241
3526
3489
713
3472
3490
3496
3503
3485
3537
3521
2297
3491
3468
3515
3431
3523
521
3478
540
3477
3520
3493
3507
2301
3479
3549
1336
3467
3531
3502
2242
3535
3505
3475
3511
3509
3568
3534
3545
3522
3516
3494
3519
3462
2124
3469
3561
3540
2009
3465
3481
3466
2013
3556
3471
3483
3497
3513
3482
4689
430
25002
2230
472
817
4670
6254
2127
2047
2326
3440
4703
26892
26553
6317
2279
4700
6252
2243
2914
19010
14076
4719
4407
43986
24954
43980
7646
27972
4764
5644
2038
2361
19004
7486
2291
11654
16799
60903
8149
5630
34024
1764
7732
7979
60886
850
7270
2927
4658
2026
13283
2908
813
8419
7429
2987
8086
7710
60892
