35451
0
35452
35473
35471
13620
2038
35435
26782
35519
35440
35448
27551
35482
35439
2254
35425
2241
4422
35466
35518
35507
19299
27564
13569
4371
35496
35511
35525
27866
35522
32195
30084
35456
35453
35489
32667
35450
35446
4402
35481
35516
35498
4437
27876
4374
10815
35424
3316
4381
35470
26601
35492
27568
30090
35426
26724
35479
35460
35469
35443
430
35503
32211
35488
4703
4912
35480
3336
4421
32186
35506
35437
35429
35427
5821
27883
35484
35436
11839
30051
25673
35457
3307
4378
39577
4388
11921
50398
50409
50399
16777
39623
4896
39616
47148
50434
39801
47121
50462
2062
39571
50451
50449
50394
25733
50396
50431
27565
50465
4904
47122
50432
15164
3395
45521
27550
39601
6318
13567
50437
39602
50419
45504
25674
49578
4377
19351
50391
16776
45494
47139
19255
50454
50464
2067
20017
36614
4395
37495
50418
