3545
0
3528
3536
3548
3463
3496
3502
3485
3497
3468
2242
3466
3531
540
2301
3467
3537
3490
3518
3513
518
3473
2124
3534
3489
1336
3549
2009
3535
3523
3538
3462
3461
3469
3506
2241
3511
3481
3478
3494
3464
1347
3505
3483
3527
2013
3507
3516
3471
3521
2023
3482
3470
713
3472
2229
2127
3347
3336
2111
4424
2990
3314
2217
2243
4368
4414
4384
4416
2256
2026
2038
2309
4431
2291
2279
3319
2225
3332
2062
4429
2326
4375
4383
4379
4407
2230
4689
4715
4696
4719
4752
4704
4698
4764
4693
4722
520
4747
4657
4686
2108
2047
4777
4770
4669
4717
2324
454
4658
527
4668
4700
4680
7404
7415
7479
7491
1721
7442
7398
4859
7474
7429
7462
5644
7522
7405
5589
7407
7441
7443
2908
7426
19015
10815
6245
472
6262
19020
839
11283
16812
19023
20032
20018
4848
10911
20052
20005
20056
4846
5623
6244
4845
2306
18796
20034
5650
6278
4913
6318
20062
16801
19340
10786
19941
20044
8107
2012
8110
5639
8319
26553
12138
31129
2302
18905
659
6324
20329
11818
1303
5327
28723
14076
7646
43979
6252
43968
44005
27972
24954
10892
45744
26783
6237
41388
33217
19982
19954
2107
12591
1028
41281
4885
31595
12514
4878
92
30119
6242
701
9155
20431
3394
3907
2361
463
60792
48787
60796
38416
2987
7270
1764
58881
608
1029
71835
10772
840
7700
6298
4875
7729
