35468
9
27876
35470
35441
27568
35447
35517
35442
35448
5821
35428
26724
35430
13620
35497
35478
35469
35507
35516
35464
3316
27866
11846
35525
27567
26750
2254
30090
4374
35443
32211
35498
35475
35440
35494
35496
35455
430
35425
35424
35426
35491
35489
4703
26601
35533
35449
35481
20009
35511
27564
32186
35503
30084
13569
4371
27560
35457
35532
4398
32667
35509
4422
19299
35450
3336
4402
10815
35445
35515
35437
35462
35439
35434
35454
11839
35506
32195
4828
35461
30051
35518
35522
35528
35446
2241
35456
35514
35495
35490
35429
35512
35521
35463
35505
35460
4912
2038
3307
27551
4368
35458
4381
35483
27883
35427
35471
4437
35484
4378
