35463
0
4437
26750
26599
35459
4381
35429
35511
4912
2241
30084
4368
35506
30051
35503
27567
35439
4828
35424
35436
3336
35469
4374
4703
4398
35427
26782
27560
35446
35470
35448
4378
2038
35440
26724
11839
30090
35479
2254
35484
875
27571
27568
32195
3307
4371
10815
5821
35481
4422
3316
27866
35460
4421
35489
27551
35437
35442
35456
19299
35471
4402
27565
27882
18120
39619
39577
39625
4388
39608
22296
39603
39582
2062
39592
39599
39590
9839
20012
39571
39574
4395
4904
39615
39604
39601
3332
39609
39624
39614
39591
39596
39622
39638
39600
39623
39611
3439
39606
39612
39575
27561
37495
47143
47121
45504
36614
27807
47140
47171
45499
47139
47137
13644
45497
18563
19292
72276
11849
3329
27557
