3549
0
3484
3478
3522
3547
3510
3492
2013
3469
2124
3465
3468
2023
3505
3461
521
3493
3514
2301
3470
3531
3525
3562
3473
3491
3466
3538
3479
3462
3482
3471
3523
3477
3507
3463
3476
3516
3528
3532
3545
3472
3544
2074
2242
3485
518
3521
3467
2009
3481
3502
3497
3464
540
2297
3534
3535
3483
3513
3527
3519
3518
3506
3537
3486
2241
3515
3490
3511
2047
4700
4717
2279
4715
826
4668
4719
2230
4662
4670
4669
4705
4764
520
2243
4695
4665
4683
4689
2024
4822
4930
4858
4963
4879
4855
4929
4870
4846
1675
6312
6264
6320
2027
6262
2127
6283
6254
6252
19015
16812
2337
19004
16832
19023
16792
19000
19010
2326
26553
12138
4384
20005
31129
31122
25002
33512
9955
13595
43986
43988
26308
43992
44005
43993
43981
16995
16739
43987
20032
43994
20062
526
44003
20044
44008
16771
41072
25724
13635
4048
20035
464
60689
60674
60781
48787
60890
4394
60886
62354
22122
59298
2082
44156
16801
67618
20014
41127
69381
69391
16766
16755
7729
41015
