355
0
316
216
229
201
314
186
212
287
394
348
361
310
322
228
357
318
243
359
214
210
237
8341
662
1046
12185
661
1115
12170
13778
12146
1052
13824
13797
8276
11111
712
12175
8374
13800
653
12174
7783
13775
1055
12158
660
12205
1606
659
13813
714
679
9050
12211
8369
9037
724
61725
61730
61705
61766
1478
61704
61826
61708
57078
61775
48418
61721
61810
61737
61742
61751
61710
61719
61749
19169
61796
61769
61734
61819
61759
61714
61814
6755
61777
61787
61728
1915
61764
14152
55310
61722
61713
61744
39685
61717
9026
61770
61750
61803
61711
61712
61793
61763
8280
36747
36689
12167
12168
12150
