35538
0
16236
16287
16235
16320
35571
19610
35600
16250
16276
16303
35575
16286
13566
16268
16889
35559
16297
16880
16337
16262
19646
16281
16222
16273
16306
16300
19639
16307
16263
16258
16322
19630
19631
16241
16237
35579
16288
35628
11930
16272
35601
35556
19633
35569
19606
19645
35539
8257
35577
16221
16312
16882
35585
35568
16252
16264
16341
35566
19627
19616
35562
16280
35563
803
35599
16313
35578
16224
16352
16299
16331
35570
35550
35607
35555
757
16228
16311
16265
16321
16895
16233
39299
16231
16324
39260
39272
39264
39287
19608
16243
39303
39271
39276
8170
16332
19634
19626
60507
60488
60503
60479
16298
48721
74825
74826
74809
74866
74835
74831
76230
8043
75275
76234
16318
16338
76201
41252
16242
76210
16246
16294
