35555
0
16312
16306
16341
16221
35571
2246
16297
16272
35599
16882
77
16286
35590
16265
16337
1641
16881
16281
16250
16299
35550
8257
803
16880
16322
16303
16235
16276
19633
16889
16895
16280
16264
757
16236
19630
16271
4658
19624
13566
19606
35583
16313
16241
16234
16258
16263
7675
35538
16288
16222
16252
16300
16237
35570
19627
35556
19614
16332
16877
8170
31046
19636
39267
39254
16879
19651
16261
19609
39292
16888
7455
16243
26514
39264
44898
16874
60491
19626
16894
2987
74840
16885
30663
6274
16883
75269
31668
19676
