35581
0
16237
16300
16312
16288
16266
16350
16263
16276
16273
16224
16265
13566
35570
16250
16341
35608
16297
35568
803
16229
16241
16258
16321
19660
16306
16889
19639
16882
35562
16262
16236
16881
16228
16264
16313
35539
16272
16895
16303
35595
19670
16287
16289
19630
16311
16281
16331
16320
16322
35556
16327
16252
35565
16222
19651
16242
19649
41245
16877
16261
19626
16304
16233
39279
19615
76200
16231
24480
19614
16888
76209
16875
16282
16338
16332
52860
39299
45202
16232
16886
16223
75275
44879
16243
76234
19613
19663
16879
76214
19609
74816
16325
44906
16269
76206
76220
16318
19629
39260
39264
