35812
0
31779
18783
35819
35788
3444
35786
22076
430
499
26482
37107
8044
8047
37120
37105
37099
593
37086
37091
37089
37134
20035
37124
37115
37083
807
594
4369
8069
8048
37103
31763
778
8034
25689
31764
37098
37112
37096
847
37085
33389
8046
10341
13682
13635
50264
8078
824
782
793
788
755
800
50661
50660
776
764
762
50652
11931
50688
31771
750
50685
749
50670
808
50694
50655
747
50703
771
50654
820
799
50699
50648
763
50665
50679
753
775
50667
829
50659
50675
52193
17937
13351
823
52185
52194
31770
13368
9824
786
17894
52190
795
17897
3369
54543
61928
61967
10346
61923
30654
63757
17909
42308
17925
63776
69355
756
8064
69359
69353
8051
69360
51076
17892
71715
17931
71720
71698
19712
71725
71712
71708
42314
71739
71745
71744
792
74461
777
752
74438
30660
