36023
4
9037
404
36006
9432
29103
3967
36021
16622
36047
30814
36022
16425
36063
36005
732
10383
11059
36026
3898
36087
1185
228
6397
36004
36067
26534
22234
38697
27019
11037
72658
72671
37259
16666
12217
72679
72668
72688
36997
72655
1052
72639
72652
37039
54770
56699
72645
322
12786
19132
12244
72740
72703
361
72641
72698
72656
12169
7766
6385
1060
72659
10206
13382
4808
72692
72657
51708
72712
42874
1127
1158
72662
72643
72642
42213
72685
24243
72716
72686
72702
72636
8780
4008
72638
72654
54754
11025
72676
11111
72689
1189
42206
72661
31190
31146
6624
12250
