36087
0
30814
36084
4483
29103
216
3898
26534
3967
16425
9432
16622
10957
36006
12637
732
228
47627
9524
13417
4808
47715
24243
1651
9089
34442
1658
10893
24122
14295
22396
3254
14306
901
11067
16046
20252
47630
11025
47704
17560
11212
28687
54754
38697
72673
3880
8374
72642
72683
12793
72675
37843
72667
3908
8642
3966
6624
1052
12217
72716
63398
27019
72665
47496
12244
72658
44459
37039
10191
72674
42874
12169
72711
11037
13730
72657
11093
20238
72661
22234
72699
12786
1060
4008
31146
62111
31215
11140
37282
72738
72662
39433
9443
11075
72687
36997
13382
72648
36712
72653
361
3934
18313
3879
8107
