36116
1
36156
36165
737
228
36124
36150
36149
36155
36174
8761
11520
36134
36157
184
36143
36120
36144
36112
36123
36132
36111
11479
36113
36114
36125
234
36151
36141
36170
36119
36178
36160
36133
29423
36161
36152
36179
36127
29444
36118
36169
36146
56136
56125
56145
56128
56191
56162
56108
56139
56165
56099
56093
56116
56089
56117
56164
56087
56127
56141
11478
56111
56109
56194
56092
56147
56140
56091
56166
312
56115
56101
56152
56172
56110
56122
56143
56184
56119
56203
56196
56215
56085
56157
56088
56142
56107
56151
56100
56163
56133
56113
56183
56218
56168
56154
56174
56180
56120
26806
56155
56188
56159
56144
56173
56102
56197
56097
56167
56137
56114
56096
56153
56179
56199
56170
