3614
0
3643
3658
3655
3621
3635
3673
3642
3631
3664
3660
3637
3652
3636
3667
3620
3623
3634
3625
3659
3672
3619
3677
3624
11642
11616
4725
6719
9044
11659
11640
21616
21611
21562
21569
21622
21623
21603
21685
1755
21743
21690
21765
7479
21799
1752
21692
21708
21828
21850
21842
1733
21706
31394
31354
31364
18742
12079
31366
31387
31372
41163
41181
33246
41195
41157
38047
1815
1327
1754
40223
41218
41204
41217
37999
41206
43069
40284
46698
14602
46708
46700
46705
46690
46692
46691
46701
46697
46699
46702
40320
46695
1773
46694
48873
48838
48849
48822
18104
56603
733
56565
56561
56598
3880
56570
56576
