36150
0
36151
9293
360
230
36178
34617
213
303
36170
211
36112
36159
183
11479
36153
234
8803
36124
36165
36168
184
36142
335
8761
36140
36118
36179
36132
36126
228
36136
36133
36174
36161
36128
36145
36141
36162
36175
11520
29385
10059
737
36144
36110
36116
36130
11541
11475
36171
36143
36127
26509
37831
37911
37819
37853
37893
357
20338
4787
37843
660
37865
37830
37820
4776
361
212
37823
37899
11816
12637
37842
37840
11075
37818
8745
261
215
13382
12771
37901
10893
22392
34622
36844
3899
712
3088
37921
216
314
37858
245
37846
359
12823
4796
37875
20252
