36282
1
708
36299
13820
1464
13801
664
12643
23160
5200
1471
691
733
36291
696
729
688
698
651
13819
10420
1870
243
31931
31911
1501
672
727
5201
731
23179
5195
654
32083
1574
649
690
36307
693
31917
1478
1977
13787
5243
674
1519
31921
36325
677
36257
1453
5241
36266
191
32084
13785
1917
1851
5213
13784
658
61737
61731
48417
1564
61764
61746
61733
10369
61744
61803
61826
48422
61766
61724
61787
48505
61793
1915
61749
61728
61840
1606
1111
661
61734
61752
61750
61738
11111
61705
61759
61718
1482
61753
355
48495
48418
675
13793
1055
61711
5217
61755
13782
