3634
0
3635
3660
3637
3611
3642
3655
3677
3619
3620
3625
3640
3659
1714
3644
3631
3614
3626
3656
3673
3636
3667
3643
3621
3639
3623
3624
3650
3618
3662
1752
21706
1719
21683
20921
21700
21681
21850
21707
21710
11616
21676
21794
21765
7479
1815
5762
8378
12079
12786
20052
30119
21603
33246
41193
41180
41219
41179
1692
38047
31385
41178
21569
41158
31387
41174
37999
41204
41185
41167
38084
31366
41197
41163
41162
41165
41203
41195
41211
31364
1327
31394
9645
21562
41217
41189
21611
41177
41181
41168
41169
1175
41157
21883
43686
43051
54064
54065
31354
55554
55585
11642
43069
43081
40284
56578
56565
1701
56550
48838
56576
40320
38026
56551
56557
56593
56586
60423
61413
17231
40590
61405
4578
61402
31355
18692
31365
31401
31376
64403
64416
64411
26318
31265
64436
64412
64415
64455
64401
66911
1658
66883
66850
43066
75426
31363
36084
76072
43074
76071
