3636
0
3637
3616
3621
3652
3620
3643
3614
3640
3655
3625
1714
3672
3631
3667
3611
3659
3657
3619
3677
3635
3634
3624
3650
3673
31366
31372
21777
41211
1815
41217
41177
41197
33246
41193
7479
41216
41162
41195
41202
9645
41165
41206
41204
31364
21603
11616
21611
41219
41196
37999
41180
41188
41181
41170
38047
21706
41167
41158
41163
31394
41157
31368
41166
649
43075
40284
43061
43066
11642
21765
43070
31354
11640
21828
46690
18694
48877
48859
48825
48879
48890
31355
48909
48858
48853
48817
48882
48861
48820
37993
48851
48883
48852
48834
43291
55572
12079
55564
55536
55545
56567
56546
56558
21883
56600
56568
56565
56536
31376
31401
61405
5762
61413
61418
61392
61402
64397
64439
64436
64401
59103
21721
76076
