36380
0
36381
9094
2913
3406
44205
44261
3087
44206
11253
44240
5601
44245
44285
12026
12031
27039
44212
1671
44233
1611
5713
44210
44263
44220
44227
5600
27104
44251
32358
44190
17755
5625
1653
44194
44280
44191
44214
44235
11206
44226
44270
44202
44201
44208
44232
44200
12043
44253
44204
44222
44249
44193
11196
44265
29747
44203
44461
1606
54353
51225
54460
12068
1225
12035
20537
29667
11211
12022
74688
74707
23032
74648
74637
20519
74640
27020
23029
38311
23000
23018
22988
23050
23014
44110
12066
22995
74663
17222
61036
