36463
0
8355
18910
5243
20489
1142
21540
12877
8333
8331
18891
4584
36521
5844
649
701
6719
26331
4658
36482
7280
36478
12671
831
8343
679
20709
8014
5314
8378
2987
37579
40618
10828
7270
1764
40572
40569
1563
2256
40644
20910
11730
40605
40606
40619
40575
8386
8107
11654
40602
20835
4578
16270
40617
40636
8991
7953
40632
10898
15762
40586
822
36722
40600
18889
21963
8017
842
40615
40613
40585
19171
34463
20883
19923
4063
9080
12786
24328
1646
40609
40649
36672
20889
26531
19970
30543
33256
20876
713
8419
40598
14376
40630
40603
11669
40629
40571
40599
40570
40594
14592
714
14770
1719
7946
24459
40578
14710
40655
40580
13359
2291
40582
