36683
0
36684
36694
36665
36673
36721
20738
12671
7953
31192
9407
36692
4792
36723
26531
24320
4578
36003
26550
24328
10191
9432
36711
1200
31605
28995
10206
34937
36688
36664
36706
36389
15217
36681
36084
36704
36717
12672
36678
13918
35115
36686
5318
36697
12786
9436
2987
40615
40573
7270
35876
40588
34283
12799
40635
8378
40590
11669
40595
40575
9080
30529
40662
34463
21926
40625
12782
40631
12798
10229
4063
713
26036
40651
8107
40658
1563
18313
15762
40613
40593
17587
12810
6719
40641
8017
36087
3880
6624
17086
9397
22280
24243
30247
53194
9431
3934
3879
5320
35925
14754
13108
22396
72858
49699
51873
3686
55585
60212
20836
4483
72873
72854
14738
