36989
0
9434
37066
37042
6380
37073
36740
37058
37010
37056
10191
37028
11212
37036
37015
30790
11100
37002
37063
36999
11190
37016
6374
6385
37023
6370
735
37005
6381
1053
37076
37065
37048
36993
37017
37062
16694
37011
37060
37074
37039
37072
37068
36998
6405
36712
9013
37041
37024
37055
37040
37061
37059
37025
30814
6391
37045
37075
37020
10146
36994
12215
37031
16684
37057
37014
1090
37051
37003
6375
13797
12201
14085
732
37067
37070
37077
37049
36991
29103
37046
36997
6376
10116
36992
37008
37001
37047
37022
36996
37053
37007
37004
6407
37021
37013
37043
37026
37069
37006
37052
37027
37044
6372
37038
6401
11191
36990
37009
37000
37034
37030
6397
37035
37018
37033
37019
37037
37012
37032
