36999
0
6376
37013
37011
37053
6370
14085
37032
37022
37002
37040
37020
37035
37042
37063
37077
37026
11190
37062
37047
6391
37068
37021
36998
30814
735
37060
9434
37034
10191
36994
37045
37072
37015
37055
37049
37008
732
6372
11100
37006
37025
37059
36712
37056
36993
37039
36997
37001
36740
36990
36992
1053
36989
37017
37003
30790
37000
37076
37057
6375
37010
37012
37038
37067
37027
6397
37033
37007
37073
6374
12201
37018
29103
16684
37019
37066
10146
37051
37069
37046
1090
37014
6381
37052
37016
6401
37023
37004
37024
37065
11191
9013
37028
37037
37075
37061
37044
36996
37030
6385
37074
37009
37070
37031
6405
13797
37048
10116
37036
6380
37005
36991
12215
37043
37058
11212
37041
6407
