36996
0
16684
36991
37052
36993
37064
37045
9434
6391
6374
37070
11190
37012
37062
10116
37068
12215
37034
37029
37003
37073
37016
6385
37066
37028
37058
37048
37046
6407
37051
10191
6380
9013
37075
37037
37002
1053
37047
36990
37020
37077
37004
30814
37032
37063
13797
37076
12201
37074
37006
36998
6397
37007
37043
6375
37055
6401
37050
37072
37008
37017
37065
11212
36740
37025
11100
37013
14085
37022
36712
37011
37023
36997
37042
37024
6381
36994
36999
37044
37009
37056
37015
37031
37000
37041
37036
6405
37005
37027
37030
37035
37057
37040
37059
37060
1090
37014
6370
37018
37010
37033
37067
37039
37061
37069
37053
6376
30790
29103
6372
37019
735
11191
37071
10146
36989
36992
37001
37021
37049
