36992
0
36998
37066
36996
37037
37041
37020
6380
36997
37074
37028
6401
37007
36990
37012
37063
37026
37049
37004
11191
37052
37034
37050
37008
6391
37019
37065
37009
6385
37023
37042
37010
6381
37024
16694
37071
37016
37029
37068
6397
36712
6405
37002
37014
732
6407
1053
37055
37058
6372
13797
14085
37069
37070
37053
36991
37048
37060
735
37022
37006
6375
37059
6370
37005
37075
37057
37076
37033
9013
37003
37017
36989
37032
37018
37067
37043
37046
36740
37027
37062
11190
37061
10116
37035
16684
37077
37073
37021
37040
12201
37000
37038
37072
37001
37031
37011
30814
10191
37064
37044
29103
37030
37025
9434
37045
10146
11212
6376
37047
12215
1090
6374
36993
36994
30790
11100
37039
37015
36999
37013
37056
37051
37036
