36997
0
36998
37004
37058
37047
37062
37065
37068
12201
37071
37015
37038
37020
37046
37045
6397
37005
37041
36991
6385
37034
6401
37073
6380
37075
37066
37017
16684
37074
36989
36990
6391
37055
37026
37063
37077
10116
37032
36994
36992
37059
37064
30814
37002
37061
37060
9013
37069
37070
37050
732
36993
30790
16694
37051
37029
13797
10146
37057
37035
37043
37049
6370
6405
36996
29103
37025
37030
37024
37054
37039
6372
37009
37031
6376
37000
37027
37014
6381
37042
37022
37010
37023
37013
1090
37044
37021
37040
37028
6407
37067
37007
37076
37048
735
37072
37053
37019
37036
36999
37018
37056
11100
11190
37001
1053
6375
37008
6374
11191
10191
14085
11212
37006
11037
72635
22234
72671
12169
