37
0
38
99
137
72
57
84
48
107
9
71
178
144
56
141
13
128
168
24
88
16
83
58
17
36
92
5
75
82
6
129
52
76
94
91
63
23
140
33
34
12
18
90
86
158
43
4
87
64
77
30
135
164
20
7
181
32
2
162
26
28
85
46
68
143
66
156
69
105
27
118
972
11942
11947
938
6928
11956
7586
889
4108
11958
7583
7602
20130
7573
7577
20109
18493
20096
7616
7593
20087
20097
7561
20133
25132
960
4200
4183
4103
4205
7613
25108
906
21996
30476
29857
35209
5058
32406
915
20982
32014
45046
46899
46913
46903
46894
32439
46929
46914
34696
7564
46927
46925
46918
46905
46901
46910
7563
18878
4231
31463
6922
