37008
0
37009
37034
36994
6407
10191
37013
37072
36996
37007
30790
37032
11212
6375
6391
10116
1053
732
36991
37073
37006
37033
37020
6385
37023
37002
37014
37026
37046
37060
37057
9434
6380
37076
37039
11190
36993
37068
37049
37061
12215
37004
37022
37016
37015
16684
37018
37035
37030
37077
1090
37010
37000
37048
6370
12201
36712
37055
36997
6401
6376
14085
37069
37038
37042
36999
6405
37067
37001
37044
37012
37070
37059
37037
37041
37062
37019
37056
30814
29103
11191
36998
37066
37040
37027
37074
36740
37005
6374
37003
37028
37075
6397
37047
37025
36990
37053
735
37063
37058
6381
37054
37051
6372
37024
10146
36992
37011
9013
37036
11100
13797
37043
37017
37045
36989
37031
37065
37021
