37003
0
37024
37066
37069
37028
37067
37014
37012
37061
37017
11212
37051
37015
37036
37041
6381
37054
29103
36740
12201
37010
37011
37073
735
36991
37062
37007
36994
37052
14085
37043
36989
10146
37035
6372
37047
37076
36997
37070
16684
37059
11190
36998
6385
37021
6380
37058
37042
6407
30790
37055
37002
36990
6370
732
37065
9013
37006
37023
6391
37039
37001
37034
13797
11191
37074
37038
37030
36712
37009
37026
6376
37031
37046
37016
9434
37044
10191
37053
12215
37037
37072
37008
36996
37060
37063
6401
37032
1090
37027
16694
37000
1053
37048
37013
6374
6405
37068
36999
37056
37075
37005
37019
37049
37033
11100
30814
37057
37020
37018
36993
6375
37045
37040
37025
36992
37004
37077
6397
37022
