37004
0
37015
37041
37053
37020
37006
37045
6380
6397
9434
14085
37011
37066
6385
6401
37012
11190
12201
36991
36990
36997
37046
37063
6391
16684
37016
37061
37026
37073
10191
37062
37074
16694
36989
37055
37060
37033
37075
36740
37005
37064
30814
36994
37034
9013
37051
37059
37077
37049
13797
37002
29103
6405
732
36993
37023
12215
37028
6370
37032
37025
10146
6381
735
37003
37042
37035
6372
37031
36996
37027
37000
37021
37009
30790
6376
37036
1090
37070
37037
37007
37057
37052
37010
37043
37047
37076
37030
37065
37072
37008
37048
37022
37019
37038
37040
6407
37067
36712
37068
1053
36998
11100
11191
37058
6375
6374
37017
11212
37056
