37001
0
37000
37046
37016
37021
37041
37012
13797
37038
37019
37047
6372
37006
37008
37077
36994
37054
37004
37003
37013
6380
36712
36997
37067
37014
37061
37027
37026
37052
37043
6375
37035
37063
10116
6376
6407
6370
37076
10146
732
37072
37045
37022
37064
37037
6391
37062
37069
12215
1090
37017
16684
37074
37070
37007
14085
36998
37051
36996
30790
36989
37031
36992
12201
37066
37020
37024
29103
30814
36991
37049
37011
37025
36999
37040
37002
11100
37055
11212
37044
37042
37033
9013
37048
6385
37034
37009
735
37059
16694
36993
9434
37065
1053
37010
6381
37058
11190
37023
37068
37057
37053
37039
36990
37015
36740
37060
37073
37032
37018
37036
6401
37028
6405
37071
10191
6397
37029
37075
37030
37056
37050
37005
11191
6374
