37012
0
30790
6380
37049
37041
11100
37021
37033
6374
36740
11190
37074
37028
30814
37044
29103
37024
37029
37045
37073
37071
37016
6401
37038
9013
6405
37056
37008
37072
37019
37002
37052
37034
37031
6391
37042
36994
6385
9434
14085
11212
37068
16694
37060
11191
37050
36993
6376
37011
37065
6372
37009
37048
37066
37037
37004
37058
37025
6381
37076
37032
37013
37003
37017
6397
36712
36997
36990
12215
37067
37043
36996
37059
37005
37040
37015
37000
37036
37039
37018
37007
37046
37035
37077
6375
10191
16684
37027
37026
6370
37063
37075
12201
1090
37014
37001
37064
37062
1053
13797
10116
37023
37061
37030
10146
36992
37069
37070
36999
37053
37047
735
6407
37057
37006
37055
36998
732
37020
37010
36991
37051
37022
