37010
0
37011
37040
37005
6405
36740
37072
36997
6391
37056
10191
37024
37030
36996
37044
37039
37064
16684
37046
10146
36993
6370
29103
11191
37073
37063
1090
37050
6380
37048
37002
36990
37019
37033
37015
37028
36998
6401
37018
37049
37047
37043
10116
37000
37074
30790
37025
37052
6381
37037
37075
37077
36712
37066
37065
37057
37067
37023
37004
37054
37017
16694
37012
11212
6374
6385
37062
37071
9434
735
37069
37042
37003
37034
37035
13797
37059
11100
37036
6376
30814
37007
12215
6397
37008
36989
37029
37038
37031
37053
6407
732
