37022
0
37014
37026
37004
11100
37038
37053
37041
37076
37039
37043
36993
37069
16684
6381
37056
37064
36712
6372
37052
37062
6397
36992
37017
6374
36740
11212
37012
37079
37016
36989
37015
10191
29103
1090
37010
6370
37025
37054
6380
36991
37031
37007
37065
37058
37046
36997
6376
9434
37030
37071
37067
6391
37036
30790
37047
37074
37068
37001
37006
37044
6405
13797
732
10116
6385
37000
37072
37055
37002
37024
37011
37040
6407
37077
9013
36999
37029
37051
37023
36990
37019
37059
37037
30814
37018
16694
37045
11191
37020
37009
37057
37066
37033
37061
6401
37005
11190
37027
37042
37003
37032
6375
14085
37049
37050
37075
735
37028
36998
37021
36996
37034
12215
37070
37008
37060
37063
37048
37073
12201
36994
10146
37013
