37033
0
36998
37036
14085
37000
36712
37047
29103
16684
37010
6380
12201
37007
37039
37070
37069
37058
10146
6376
37016
36989
735
37075
10191
37062
6370
37068
37076
37034
37077
732
37054
37023
6385
37072
36993
6391
37013
37014
37015
37038
37021
37053
37044
37022
37046
37017
36991
36992
37055
37059
37006
30790
6372
37051
36999
6407
37074
37005
9013
36990
36740
36997
9434
37024
37003
37037
37049
6374
6405
1090
37020
37011
37061
37030
37065
37060
6375
37035
11212
11190
6381
37002
37027
37066
37009
1053
37001
37052
13797
37040
37004
37028
11191
37008
37063
6401
37012
37045
37042
37067
11100
37032
37026
37019
30814
37018
37048
36996
37025
37073
37057
36994
37041
6397
37031
37043
12215
37056
