37049
0
37028
37069
37070
37013
37039
6370
37015
37025
37067
37072
37014
16684
37029
37057
37003
6401
37052
37043
6405
37044
36996
11191
735
37076
37024
37019
30790
6376
36994
37053
9434
37059
6381
37074
37010
36740
37023
37011
37058
37047
36712
37022
37065
36999
37008
37054
1090
11100
37040
37055
6375
37007
37048
37036
6397
37031
12215
10116
13797
37056
37062
37032
37009
37012
36997
6374
37020
36990
6391
14085
37063
37002
37004
6380
37034
37051
37017
37066
37075
37005
36992
6407
10146
37037
37041
37026
29103
36998
6385
732
36991
37068
37018
30814
11190
37060
37042
37035
37027
37021
37001
36993
37006
16694
10191
37000
37033
6372
