37043
0
37002
30814
735
37062
30790
12215
37041
11191
37065
37074
37059
29103
37025
36996
37077
6381
36999
11100
36990
37055
37017
36989
6405
37042
37014
37048
37066
37076
37023
37036
9434
6397
37015
37053
37011
37010
37033
37032
6385
37028
37044
37039
37047
37021
37068
10191
37060
37030
11212
6380
36993
37009
36997
37063
37005
37006
37001
37058
13797
37052
6375
11190
37000
37067
36740
37072
37018
37013
6401
37012
37056
37027
37007
1090
37037
37073
16684
36712
10116
37031
6391
37035
37024
6376
37008
37004
10146
37051
37075
36991
6407
36998
37049
37054
36992
37069
37022
37020
37003
