37046
0
11191
6374
37009
6372
37061
6407
37004
37069
6380
37021
16684
37018
37058
37032
37012
6397
37064
6401
37070
37054
14085
37029
37067
37027
37057
37052
36991
37043
6375
37031
6405
36998
37074
37044
10146
13797
37007
12201
6391
6370
30814
16694
735
37059
37045
37022
37030
37040
37024
29103
37049
37008
30790
732
37073
37041
9013
10116
37062
36995
37039
12215
37011
6381
37017
37003
37042
37023
11190
37034
37033
37020
6385
11100
10191
37063
37025
36994
6376
37036
37038
37053
36992
37016
37060
11212
37006
37010
37077
37072
37037
37019
36740
9434
37000
37065
36712
36990
36997
1053
37005
49055
49062
49067
3080
1658
41675
49061
11025
3087
216
