37346
0
19115
664
1912
707
678
648
716
37410
652
1548
2866
741
32101
31922
37347
13785
1851
1870
704
649
705
37384
13830
665
37389
718
710
37366
672
37349
12640
690
1917
689
1938
5235
37373
1567
5210
37413
37382
677
1493
729
37411
37354
722
2759
37356
37370
37385
5224
37341
1489
5216
5217
1543
646
1948
37388
5201
1882
37338
1530
31913
243
37406
24823
688
1942
37334
37399
1478
5246
24904
696
703
13811
663
701
1099
31930
45886
39466
654
45890
45856
45888
1570
45873
45880
5213
45868
2760
45862
658
45849
28252
708
45857
45845
45882
45858
675
45846
33696
40676
45885
45851
45863
1111
10420
45859
5208
45869
18841
822
12643
45852
45878
13816
45848
1519
5226
7965
45854
45872
45866
1115
