37700
0
2265
3365
10883
37708
2026
2070
2117
17870
2298
1024
4399
2296
4455
2245
4403
37703
2241
4413
2269
2224
37721
2062
4405
4365
3366
2111
37701
4440
2254
2305
3332
4370
37718
4379
4382
1386
3304
2249
2231
3322
4380
3348
2289
4367
2032
2229
2049
10928
37709
2225
2217
3341
4422
2353
2067
4426
37705
3340
3323
3319
4419
3302
4366
2219
2038
2237
37716
35371
3339
4398
37710
3329
22120
3490
1030
2238
26766
37712
3336
3410
37728
12523
3305
4393
37714
37715
37707
3307
4375
3315
2102
2239
37713
3296
2337
72152
2216
2240
2109
499
4374
4368
18557
4451
3338
4378
3414
4401
71565
15175
71572
35372
4452
3295
4434
7881
4471
72158
2272
49204
72156
72150
72149
2013
3406
72157
2301
2255
2127
4421
