37710
0
3322
37700
2026
37703
3332
3357
4379
2254
2269
4455
3336
4440
2237
2265
1386
37718
3314
1024
3348
4393
3292
2997
3340
4422
2058
2111
3329
4398
4370
1030
3360
37701
2049
2070
2353
36610
4367
37728
37713
37733
37708
3323
4375
2238
4364
2062
37707
37709
3307
22120
4456
3297
1369
3319
2225
2239
4403
4396
3341
4366
2249
2117
3366
4419
37715
2224
2038
35371
4405
3296
2241
4413
3365
3315
4389
2032
3337
430
19828
2373
51121
51102
2021
51104
2109
834
51108
7881
2033
18809
15195
51109
3423
2367
5792
1382
