37824
0
37825
37871
37850
37879
37882
37854
37894
37890
37853
37839
216
12637
37826
37899
37835
228
37846
37888
37849
37898
37903
37855
30282
215
37921
37892
30302
37939
212
33341
8745
37857
37841
10893
37896
3899
359
36844
12823
37911
37831
8761
37945
37923
37887
29369
361
30285
37815
22385
1556
37919
245
20341
11601
13382
37956
37876
37924
37868
37926
37834
37818
20338
22392
11816
37916
4787
37955
37842
37937
33372
37880
1221
37915
37847
37813
37904
37869
37875
35959
37866
29122
37873
37843
37917
37949
37971
37830
