37821
0
37822
37934
37837
37864
37891
37852
37857
37874
37965
37815
4796
37836
357
20338
4776
37824
37895
37952
37955
212
22392
37823
37831
13382
37960
37931
37919
29369
4787
20341
37907
37876
37922
37840
37940
11075
37935
37850
37941
37946
361
37878
37870
37894
37930
34622
37841
32059
37846
216
37817
37879
37882
37980
37847
37861
37956
37875
37871
37855
37834
37872
37967
29438
36844
37903
30282
8761
37945
12771
35959
30285
37937
37858
37849
35966
37888
37886
37915
21660
37843
37923
37835
29122
37899
37939
228
37813
37826
37901
37814
12637
37867
1221
37947
37890
37898
37887
37820
37825
