37840
3
228
4793
37887
37855
37817
37866
30302
37930
37937
4796
37971
12823
37820
4787
37901
37899
37881
37914
32059
361
37956
37813
37916
37853
29438
35966
37839
37873
11816
11601
37886
20338
37968
37849
37915
37882
37871
30254
37835
37876
20341
13382
37879
37954
30282
37869
29122
37874
37857
37888
10893
37826
35959
1045
30285
37842
37854
37962
37834
1556
3088
4776
37880
37847
37936
37837
11075
37890
37831
216
37870
37947
37859
37896
37945
37858
37987
37898
37931
37875
37955
20252
37961
30271
37905
37825
22392
37841
37892
37868
36150
12771
37894
1221
