37858
0
37859
37842
37830
14390
37930
37937
30282
37920
4793
30254
37935
37905
37904
37945
37868
37928
12637
33372
22392
35959
37914
37824
37883
20338
37927
37889
29122
30271
37826
37848
37943
37869
37857
37875
3899
37887
37932
29438
37896
228
11816
37814
36844
3088
37947
37959
4796
37955
37831
37825
216
37963
30285
1045
29369
37833
212
37844
12823
26509
37843
4776
37841
37813
37900
37834
37962
37836
12771
8761
359
37815
37839
20252
37846
660
37911
37837
37879
37874
37919
37972
37840
22385
361
37829
37956
37881
37891
37835
37901
1556
37853
4787
37949
37876
37960
37903
37873
230
37860
37854
11601
37924
37849
37890
32059
37915
37892
37852
37818
39041
47506
39025
47445
47371
47458
47466
29125
47375
47363
47453
47387
12793
39060
47416
47376
38998
39003
47433
47369
47361
47431
39044
47496
47464
39047
47452
47366
3898
12814
47513
39023
14467
47365
47510
47408
47511
47378
47426
47400
47475
39052
47402
47436
47409
47447
47459
47418
16461
47379
47471
19545
38886
47505
47412
47392
47463
47538
47377
47457
47465
3966
38996
