37862
0
29122
37880
1045
37941
37878
37887
37841
37870
37950
37868
216
37968
37946
37892
22392
37894
37970
37858
37874
37938
37849
32059
37945
21660
37956
37925
37897
37918
37864
30282
37985
35966
37933
8761
37989
37863
37886
4793
37814
37852
37934
37910
37860
35959
33372
30254
37907
37848
37871
37942
37857
37937
37909
37824
37875
37861
37831
37957
37821
37882
36844
37827
37815
37840
30285
37923
37965
37813
37881
37866
37869
37905
37819
37884
37903
37826
11816
37964
37936
37981
37954
37855
37980
37837
37890
37859
37873
37967
37839
37879
37908
37825
37898
37842
37817
228
37961
1221
37822
20338
37835
37962
14001
37931
361
11075
37952
37854
37885
37851
37930
1556
37888
230
37876
37940
37929
37939
660
37834
37828
37947
37847
37829
37932
37987
37975
37846
37916
37838
37988
37872
37973
4776
37912
