37876
3
37877
37881
37936
37938
37824
37953
20338
37903
37967
37873
37837
37870
37965
37950
1045
37984
37879
4776
37815
37857
37819
37890
37813
37957
37894
228
37862
37975
37888
37863
37880
37915
37901
37852
37866
37842
37962
37886
357
37864
37887
37933
37871
37841
37909
35959
261
37939
14001
37859
37872
37961
37918
37851
37956
37849
37828
11075
37932
37825
37854
37878
4787
37978
37875
37912
37869
35966
30254
37987
37937
37874
37923
37931
14390
37941
37892
37861
37954
37905
1221
37827
37821
314
37848
37834
37952
37985
30282
37940
30285
37897
37885
37989
37814
37840
216
37907
37946
37817
37945
37847
37884
37831
37822
37981
37826
37891
37916
37934
37908
37835
