37901
0
37890
29448
37843
37902
37903
37866
37872
37834
35959
37914
37975
22392
37863
37926
37884
37893
3088
37944
37844
37876
37909
37965
37930
37881
1221
37832
361
4793
37858
37880
37946
4796
37826
37935
37916
37836
30285
37955
37892
37933
37833
37853
37879
37855
37927
37816
37925
37831
37848
37977
29122
26509
37849
37839
11816
37840
37842
36150
37828
20338
37837
37860
37891
37830
37829
37852
37871
37947
359
37877
37854
30271
37912
37846
37838
8761
37869
37868
37825
37945
33372
37895
64752
64753
64861
45541
16605
11032
64758
64827
16638
64756
64785
9524
64868
64864
29061
64743
11045
64730
64851
64852
3087
11110
64790
64791
70523
70552
70520
70526
70528
70538
70546
70527
70545
70532
70553
70586
70535
70537
70521
70524
70550
70562
70578
38970
70575
70565
70558
70534
