37903
0
37839
37924
37824
37876
216
1556
37837
37855
32059
37909
37937
37894
16457
12637
37868
37891
37971
37880
37838
37933
37835
37814
37815
22385
37873
37881
4776
37947
37821
359
37901
37920
13382
37955
37900
1045
20338
37813
22392
14390
30282
30285
37831
35966
20341
37830
37863
29369
37846
37857
357
37826
37919
37852
228
37849
29122
30254
36844
37913
212
37926
37883
37870
37923
37945
37879
37896
37899
37946
4793
4787
37889
37840
37905
37875
37822
37949
37834
37944
37858
12823
37829
37916
37860
37871
37956
37935
37825
37836
4796
10893
361
37842
11075
37962
37843
37967
37882
11601
37915
37898
37823
37820
37887
35959
37847
37854
215
3899
33372
37841
37914
