38047
0
3642
37990
38002
38075
38060
3673
37999
7979
38108
37992
38023
3617
1815
38026
38021
41165
21706
7964
31366
3640
3659
41206
659
41162
41176
3614
41187
41197
3634
33246
11756
41157
31387
41177
21562
31368
3677
3637
21685
41179
3667
3621
3619
21611
41168
41181
41178
31385
3652
41195
41189
41193
31364
37600
21569
41216
7479
41204
3643
41158
3618
41211
41163
3636
31394
41164
11616
3620
41160
21623
1327
3631
21765
26318
43054
43066
46702
40320
3658
1773
31354
21828
18708
21883
21882
31381
28464
46801
46730
18712
46794
46766
46734
46772
48873
48852
48867
48869
48906
48835
48870
48928
48888
48818
48838
48907
48840
31355
48929
48858
48831
48819
31363
48839
48825
48837
48930
48853
48817
48820
48882
48890
48884
21707
56551
21850
56558
21799
56548
56565
56564
12079
56563
56568
56550
64326
11654
64306
64416
64400
64396
64401
7712
55545
66883
11757
40655
4578
75489
76065
76056
76050
76058
43291
