3811
3
3812
3815
3822
3836
708
1547
243
3842
718
5248
733
654
656
5261
649
677
646
5205
5233
707
5213
1522
698
5201
5217
664
5228
705
1535
1493
1469
5246
5235
5229
5208
5223
5241
675
5240
5197
5227
694
651
658
652
1870
728
1548
13830
736
19101
1958
1554
1566
18305
36318
23903
13779
36303
723
1851
1972
12640
687
36283
36307
36274
682
36287
1996
36265
693
13837
1912
691
13820
688
36286
1453
696
13785
6380
740
1530
710
686
1887
39460
673
39469
37338
39471
4061
1882
24824
39463
2811
1508
54971
1556
54983
54978
13791
37419
13774
54976
13850
50193
58517
685
1906
34869
58536
31922
58539
58532
2715
1507
12113
1938
58525
8397
1546
