38142
1
38143
18615
38132
38162
31233
1424
7443
2246
38139
18729
18623
38145
38161
10876
38136
38135
38150
4049
38166
28955
14596
18594
38141
38169
38172
36352
38138
38157
38137
18746
2908
38133
1374
4680
12832
10743
7393
5243
20014
2927
12879
7650
4687
4044
6243
26023
43244
48694
7438
12830
1641
48744
48703
31338
48726
48733
7666
14140
48751
48752
48695
14577
4063
1119
9169
43241
48734
48773
43257
28979
28959
12850
48745
48701
28969
27971
712
48715
48702
18707
48716
43248
48725
48718
28722
68914
13547
73051
14665
802
73048
73044
18739
2038
