38388
0
38389
2309
19954
2310
7491
38400
38425
849
2256
38426
38404
10767
7788
27298
38394
2936
38393
38419
19991
519
27280
13505
38415
38442
5243
38399
38403
4667
38396
7651
4386
20061
34007
4859
38391
38390
499
34111
2302
38421
38429
27288
2038
19987
19974
4658
38398
850
16839
21297
454
20685
528
26775
4416
2291
19965
7419
2361
2984
38405
46008
19979
1724
2914
1721
19939
19961
4429
4417
6237
19937
4913
4394
46000
46001
22059
19948
7398
18805
27279
19966
19941
7403
41127
27947
505
10743
71816
1829
608
7395
5677
4700
7405
2944
3490
23297
71819
10772
