38432
0
4859
2936
38431
38404
4658
38399
11658
13547
8353
659
2361
19974
9030
1803
50784
5792
50827
50828
50791
10420
3440
50860
50881
50813
50816
50893
8341
50882
50817
50821
37816
50819
50914
50820
50869
50792
1641
50853
3087
5832
50851
50830
50867
50798
855
50804
50880
65466
65464
65437
65506
65480
65507
65482
21856
65469
65523
65530
21882
65457
8107
65422
65468
31376
65431
65478
60586
65438
27010
65426
714
65567
65526
65462
65490
65501
65505
65517
65460
65427
65450
17165
65496
65477
65433
9919
65479
38871
65445
19918
65454
65518
65509
65539
65473
3905
65532
65428
65527
65474
8017
701
68600
12785
3088
11637
68631
68629
6719
68609
9641
68619
7965
68638
5442
68605
68595
9003
9035
653
