38459
0
2255
5603
2118
2012
38480
31586
2324
10706
2091
18800
38487
4945
4903
38478
5567
20176
850
10716
5635
38485
29575
2044
27794
5602
4892
485
4859
38458
38475
4860
38501
4845
38490
1115
2322
2068
596
2131
1382
38469
2291
38486
461
2051
20191
2269
22081
29622
4725
2908
20054
4654
22120
4822
4842
2309
22101
20051
4902
4933
4868
20011
26913
499
18783
24469
19982
62412
4662
18831
20036
7650
20028
25674
7398
19289
3482
470
3511
25203
10734
22103
4850
7723
53778
33199
4824
3535
20027
10799
4883
37564
62371
62372
4696
