3852
0
708
3844
243
1471
1564
1489
672
664
707
652
716
1533
695
692
646
13807
13833
13845
13782
717
675
1545
694
740
13801
1917
5235
665
13823
12640
5195
710
13781
1450
690
1506
287
13818
655
1463
666
13777
683
13811
1522
654
678
13817
1548
1476
13796
13793
13791
13825
13802
229
729
700
722
13788
13776
13819
12123
13787
13822
13829
1574
702
656
671
13806
650
13809
13785
1567
13780
12113
13844
1515
706
720
13853
13830
13810
715
1566
13820
228
5201
677
1559
1456
669
674
1454
13784
699
728
1519
1552
13834
698
719
13816
13821
731
32081
697
28250
704
32071
5197
741
23197
4061
23179
663
31929
2760
32109
12900
1977
32100
1465
703
1942
32088
31910
31911
1996
31927
32078
1870
32093
1570
738
23146
31930
31928
5200
1938
32082
1958
32094
32101
23172
1927
32073
32099
1992
45787
45792
45815
45798
31934
1912
45830
36270
45807
1493
36271
45829
1514
658
32224
45790
45794
1554
45791
45811
45810
1492
