38711
0
29103
38709
38554
38697
30814
13518
228
38704
4483
45320
45394
45427
45321
45362
45352
45453
45355
45315
45343
45336
45356
45442
45408
45334
45378
45368
45372
26534
45457
45350
45371
361
45361
45443
45472
45345
45391
45471
45470
45392
45448
45388
45317
45421
45423
45450
45370
45422
45389
45424
45331
45379
45374
45460
45461
45337
45401
45348
45480
45346
45417
45398
45365
45429
45364
45342
45446
45367
45333
45383
36018
45353
45358
45449
45426
20340
45413
45386
45396
12202
45384
45375
45409
