3873
0
3880
3938
3954
3906
3896
3947
3893
3900
2108
3877
3915
3943
3890
3904
3914
3888
3925
3903
1187
3986
3982
3872
3920
3970
3946
4004
3926
3911
3892
3980
2689
3897
3953
3933
3929
3971
3930
3882
3921
3902
3391
713
3883
6349
6342
34168
34172
10938
10910
834
10878
10870
34191
34169
34171
6746
48988
10916
18926
30933
20903
49002
48993
10898
48985
3394
8577
16379
10896
32905
14206
7966
12665
48976
2286
14601
48968
9641
49000
9826
10901
6624
43305
64516
32055
24332
21926
30915
64468
64467
74362
28021
18964
74382
13775
74375
74391
58449
3352
