3884
0
3885
3886
3912
3915
3944
3872
2108
3947
3896
3972
713
3928
3980
3932
3985
3873
3926
3890
3391
3882
3917
3953
3897
3933
2689
3903
3931
3891
3911
3883
3920
4004
3909
3910
3929
3918
3946
3904
3925
3927
3906
3895
3941
48970
20903
48976
49006
6746
48968
9641
41262
48969
10870
48974
2286
48988
48986
7966
10910
49013
16379
2969
48962
10896
49008
9044
43826
3422
10916
3394
10898
12665
20477
48972
23212
856
834
48997
30330
30933
48993
701
8982
63286
39643
63217
63303
63295
63245
63220
1764
63228
30459
63264
9084
780
1563
63236
6624
28062
28052
28021
4846
6318
844
33364
802
10968
