3897
0
3898
2598
3927
3882
3972
3879
2108
3983
3946
3873
3933
3985
3956
3891
3888
3902
3391
3895
3932
3896
3943
3889
3890
3880
3936
3899
3907
3980
3884
3904
3947
3920
3872
3928
3892
3953
3988
2987
3929
3925
3886
1303
3496
3903
3961
713
3917
3941
3906
3915
3918
2996
3926
3883
3944
2689
3986
7966
10898
46515
48974
5283
10870
49015
48998
48966
6746
20884
834
48978
23232
48971
49000
48968
48989
49032
23212
10916
48993
48967
48988
48962
34169
32905
9641
3568
16379
10910
48972
30330
49030
30933
20903
2286
10896
48976
12665
48965
14206
1658
3394
1274
14798
1563
8982
9022
659
28052
10901
64516
52495
30915
64463
43305
64484
3160
5272
28021
18964
10968
