3899
0
3900
3923
3892
2987
3945
3936
216
3889
3894
1275
3496
3975
3008
3904
3913
3880
4008
3920
3934
4026
3901
3981
1651
3931
3881
3963
3877
3977
491
3983
3989
3964
3974
3908
3879
3967
2689
4037
3997
3916
3874
3905
4014
3875
2598
3882
3938
3903
3948
3940
3939
3915
3922
3941
4004
3391
2996
3898
3980
3949
3957
1303
713
3966
5270
5286
701
5308
5291
5338
5300
5347
5360
5329
5294
3114
5322
5333
5325
5320
5345
5331
5336
5289
2906
5285
5309
5362
5335
5283
5301
1641
2331
92
1563
1764
5359
5406
5272
5281
5383
5371
5306
5293
2313
5405
5327
5275
5307
5310
5277
5346
5311
5373
5344
5330
5318
5357
5348
5282
5332
5374
1608
2932
5397
2341
5276
802
8982
10935
7958
10970
10947
7969
7830
10895
10968
10957
1578
834
10961
10918
10910
10893
10926
10874
10989
10870
10903
10924
7270
7953
9084
11011
2026
10915
1038
3422
12692
12713
99
12712
5049
3207
85
12746
10305
12760
12717
524
994
5050
9626
12738
932
9005
4195
5182
9385
4186
12688
894
77
12708
4084
12698
12750
8562
12767
6182
9407
4108
12706
12739
15039
15032
6221
15076
14999
15069
15079
15029
15003
15125
15096
15015
8977
11179
15042
3258
1658
15035
15112
15056
15073
3254
15034
3013
15011
3568
15077
15084
15021
17484
10734
17439
3197
2971
17473
8123
7966
17474
7836
17486
17451
17495
17455
17501
17463
8215
17406
18964
2350
18954
2369
18988
14586
18994
18946
18991
20305
20255
16665
2493
18087
20371
20299
6019
20338
4680
7093
8721
20244
20238
17560
20248
20252
228
20287
6523
732
20348
7883
20257
20239
3593
8369
2445
964
901
20329
17790
1317
24017
5792
4483
10138
4488
23956
22902
7712
16664
5832
23994
24004
23962
22917
9089
22904
23975
10188
23957
8032
2927
24116
12921
24129
1374
6441
13518
19653
9846
24113
24126
24125
24117
6431
24128
24115
10372
24122
12866
9035
24112
24119
3087
2908
9635
25375
20830
24609
4357
24594
25374
1332
24549
24591
4339
6940
25423
25412
4085
9386
9639
32352
12344
32335
2898
8363
6624
3406
32342
27357
17217
5442
32367
12785
2923
32304
13466
32610
32573
32552
5026
9403
7599
9378
4148
4181
32605
32588
32595
32576
32539
32620
32614
659
36839
3088
18104
8180
22521
12637
2683
36849
8341
1606
8337
36844
8017
14741
4063
3600
37858
37921
37945
212
314
8745
14390
37843
712
37924
21660
4787
37823
34622
37901
11075
11816
30271
37846
361
37951
37916
37869
660
8761
4793
37911
12823
13382
4776
22392
245
37850
36150
39190
39199
7856
3159
15609
39194
39184
39198
14754
22747
39214
39233
39209
39196
2899
1313
3160
3183
28345
12199
14658
39179
39210
39181
9369
13513
4292
40045
4299
39985
17337
18893
9633
13010
41824
4658
8107
41820
41828
41819
41809
4578
41823
14643
653
17066
8401
44434
8264
12195
44395
44449
44397
14374
12036
44373
34590
10274
2948
8997
37038
10369
44366
36027
5624
8220
16446
43628
1653
6405
37282
44368
2913
22506
4584
2036
12529
4686
6008
44381
43295
724
44374
41835
13797
7792
12188
12174
657
18205
44376
10059
44459
10370
18841
19387
5448
44442
16679
8374
1102
44432
28637
20932
1063
44408
44398
679
661
25684
44891
44904
44899
44907
44886
4662
44895
1115
44880
44902
28686
46301
1064
11140
28705
22280
46347
46342
9524
30833
12658
2528
10337
44521
38682
53604
30965
53684
8883
2464
8924
50831
53625
8897
53657
53597
54206
12792
6304
13132
35876
22797
9826
54226
54239
54240
7975
3434
43181
17612
7257
54246
54220
20873
856
54232
2291
51562
11658
2038
54222
54231
13602
13148
3454
54223
17561
54249
7965
54217
9892
7994
14798
9044
14792
20449
14639
7938
11655
1274
14737
31634
58964
3374
16925
32808
51856
60159
60167
6714
60071
4859
60572
11641
43962
17816
64994
64993
65020
64998
38925
66975
66954
66988
66991
45931
66929
66978
31698
22288
33614
66966
61234
10358
24665
66930
66961
66924
61806
69914
41732
69909
69880
34583
2946
71165
71163
10309
47735
8488
10317
71158
71131
71140
41673
10322
33624
71170
71144
57995
33613
33587
30973
8454
73637
73641
43354
30512
7597
73654
20197
1119
17644
6118
73665
73666
50767
8419
73677
43913
73661
8029
6160
6140
28953
73622
8031
23232
41709
31640
75875
12210
34241
19225
882
8332
10835
12786
23247
12671
12184
21129
68205
75901
33224
12154
2286
