39022
0
39013
39044
38986
39064
39005
8761
38996
39006
38987
38985
39023
39047
39052
39087
38988
39024
39028
38998
12793
39043
39041
3898
690
39046
39037
39067
39025
36330
39060
38992
39003
243
1651
19568
47427
47466
47436
16461
47363
47397
47481
47375
47524
47425
47384
47498
47411
47458
47520
47444
47368
47443
47361
47532
47389
47479
37858
47461
47398
47453
47428
47492
47374
47418
47504
47424
47486
47413
47514
47503
47512
47530
47402
47505
47376
47488
47460
47515
47510
47365
47471
47412
47381
37846
47399
47416
47408
47423
47459
29125
47439
47415
47470
47420
47367
47517
47366
47422
47379
47385
47360
47496
47493
47463
47392
47457
47472
47447
38886
47407
47382
47377
47405
47513
47359
47440
47435
47410
47364
8788
47526
47511
47437
47464
47387
47522
47465
47474
47519
47477
47383
47533
47446
47362
47508
47394
47409
47386
47431
47426
12814
47406
19545
47506
34631
47521
47450
14467
47452
47445
47393
47378
47456
47525
47497
47442
47491
3966
47419
