3903
0
3872
3875
3915
3982
713
3961
3928
3989
3925
3889
3894
3895
2598
3924
3899
3983
3892
3953
4016
2108
3887
3946
3882
4020
3873
3935
3897
3891
3980
1187
3884
3904
3883
3391
2248
3496
3890
3920
3943
3947
3926
1303
3936
3929
2996
3941
2987
3911
3902
3985
3893
2689
3933
3954
3916
5359
9914
3375
22535
17455
802
34170
844
10878
10870
834
10910
34169
10938
4718
848
48974
6746
3394
2286
30330
20903
7966
30933
9641
14764
9044
10898
48968
48988
48978
48976
4658
10916
10896
48964
16379
49013
5283
3374
