3904
0
3946
3893
2689
3924
4004
3933
3889
3985
3873
3903
3391
3956
713
3877
3911
3915
3872
2108
3897
3943
3894
3925
3883
3920
3896
3906
2598
3947
1303
3882
3899
3953
3928
2996
802
701
4658
10968
18979
18964
18982
18959
18987
1115
7966
2969
851
20313
20925
20852
848
4809
20887
4718
10898
20903
2286
3394
1347
17579
42695
42673
42705
42729
42727
42733
2644
42678
42725
42665
42663
42670
42671
42662
42669
22535
3406
42703
42709
42722
42700
42664
42694
5393
42731
42688
10870
48993
30330
3568
10910
10938
48985
48988
834
51957
17967
51965
51926
32028
18104
8369
58449
844
7883
14806
10965
28021
1641
3369
17028
3160
17038
5272
32895
71978
71948
71940
17474
71954
71953
48814
71941
71947
17012
71990
54432
71943
71969
17570
51329
71955
5327
74309
1680
1317
36849
3375
74375
74384
13775
3352
74391
10901
