39067
0
39037
39044
38996
39005
39046
7830
38992
39024
39028
39003
39023
39022
39052
3898
39013
39041
1651
39025
38986
12793
39050
39029
8761
39047
243
39060
47402
8788
47409
3966
47470
47452
47419
47375
47410
38886
47496
47370
47514
37846
14467
47413
47367
47412
47426
47362
47474
47440
47504
47443
47381
47408
47360
47451
47441
47399
47475
12814
47416
47459
37858
47471
47373
47361
47442
47505
47383
20255
47382
16461
47377
47411
47423
47414
47506
47450
47485
47425
47387
47510
29125
47466
47519
47376
47444
47536
47385
47366
47493
47464
47363
47472
47404
47473
47491
47431
47392
47500
47397
47511
47486
47378
47418
47359
47460
47479
47420
47532
47365
47517
