39145
0
12981
10808
21264
2324
10774
19954
16782
15924
21274
27922
24455
21396
21343
5762
39141
24456
10745
39151
21287
2291
21298
12957
21283
12988
2960
12097
850
21331
2309
1722
45724
10759
43411
24171
45717
45710
45722
7694
10776
9166
45700
7464
45693
45690
38167
10764
10789
7723
27304
7733
27299
7668
45707
45696
5638
24988
7395
45695
10744
45711
7408
7642
45715
45723
26330
43181
19944
2987
43429
10801
54226
2361
10918
10747
7257
7719
7965
54200
10750
701
18658
2909
7658
28259
45907
7681
12293
26144
