39279
0
19625
11930
19612
19639
16286
16331
16282
19633
16222
16324
16306
16239
16273
16311
16231
16252
16281
16882
16890
16265
16229
19634
16313
19613
16271
19624
16224
19608
16312
19627
16262
16228
19629
16264
16272
19646
19686
16288
16263
16261
19616
19636
19606
16276
16223
16237
19609
19651
16241
19614
16297
19604
16876
16352
16233
16287
19630
19610
16321
16885
19631
19637
16300
16250
16341
19626
2328
19632
16889
19615
19650
19667
19666
19645
4063
19617
16289
8257
12518
16322
19660
19649
16294
16327
16245
19663
16246
19676
19635
16874
19670
