3932
0
3933
3945
3931
216
4008
3934
3891
3905
4028
3926
3896
3918
713
3884
3915
2108
3914
3886
2689
3925
3999
3880
3897
3882
3885
3936
3895
3898
3912
3983
3972
3927
3985
3944
3890
3980
3917
3947
48965
48972
14601
48969
10916
3568
23212
49008
34182
30330
48974
1658
48999
48986
12665
16379
6746
48987
10910
48991
856
48988
10938
43826
49045
41262
10898
9641
48998
3394
48964
49040
20903
48968
10896
834
9084
63217
63242
63259
4728
63224
8982
18908
63267
12785
63272
63222
6624
63226
63264
28052
17131
659
28117
10878
63245
30459
9022
1563
4734
20450
