3934
0
3889
2248
3949
3936
3948
3911
4013
1187
2598
3966
3899
522
1303
3008
3914
3894
3964
4017
3496
3907
3999
3875
2996
713
216
3957
3879
1651
4016
3981
2108
3877
3990
3977
4000
3923
2689
3880
3905
3938
3989
491
3924
3983
2987
4008
3974
1275
3945
3967
3908
834
13304
13283
4658
13284
1807
5360
1680
2948
1656
1641
733
660
2949
14586
1578
14658
2286
4680
4729
7830
1815
9005
14665
14678
701
714
13108
3568
14601
7953
4063
14759
9035
10138
14749
2899
14751
14744
7975
8004
11641
14741
14802
14710
12792
14756
243
14793
7957
7270
10737
14815
14764
1563
822
14709
14722
14752
7731
14712
14821
8013
14750
8107
14823
14736
14798
6624
5293
14739
14783
14813
4734
1764
7954
12760
17587
17607
12804
17590
12665
17612
10795
14378
17561
17545
2917
17560
7966
17605
17100
7958
17568
14395
17570
17644
16464
17542
17579
13518
28719
25412
28686
12785
3013
10893
28712
18104
28669
28706
28649
35925
35929
14206
5336
24328
35909
35919
10157
19860
35633
19156
12787
35888
21129
35915
35896
5316
14220
35913
5294
24324
24340
35884
35890
35876
35883
8032
35914
35903
35880
35898
12773
8017
35920
35891
24339
6008
24350
10229
4578
35892
24332
35908
12822
10918
35879
1676
22388
6116
26550
43348
43332
12693
10418
43327
43277
18175
36389
43312
43328
43294
43319
12820
43276
92
43285
12921
43295
43311
2493
18188
30731
2969
1336
53227
49695
40590
53143
53117
30817
53149
53129
13690
53182
17086
53171
7891
53114
856
53195
46298
49634
53209
2301
49683
53158
53159
53201
53126
53118
22386
53135
7883
17038
21926
53123
53138
33570
7745
22280
53194
54051
54043
43115
12998
22756
9826
15762
54052
28637
7994
2382
589
48995
12825
6155
1317
632
7712
13714
12983
7404
24382
1181
12782
12672
2923
30247
39861
14469
61263
50850
4536
20348
1562
22506
61234
14363
54394
12890
18080
15032
62840
62848
53059
62844
62842
22391
17231
5285
496
14457
18907
18187
3088
70355
43181
17431
3686
51845
9397
5320
14224
66114
14390
9633
4483
72874
19197
18313
3431
16868
72858
9436
9387
36027
34590
51261
49681
39869
855
3560
1606
24115
5639
73961
5275
6356
