3941
0
3930
3896
3885
3906
3956
3882
3936
3913
3903
3946
3895
3926
3912
3920
3948
3983
3910
3982
3877
3911
1187
3944
3872
3968
3874
3972
3897
3891
3996
3953
3969
3931
3980
3965
3934
3915
2987
3916
2689
3883
3884
3902
2996
2108
10916
10940
10939
10900
7830
802
1030
3375
7270
10918
10931
9641
10870
7953
10901
10934
9084
3394
10891
1038
3352
10910
10903
10898
834
10911
10878
1578
10942
10971
10985
10896
10948
18908
701
11637
11672
18889
18893
18923
4658
4734
18916
506
18910
17093
4728
6221
18890
1764
14831
18891
17124
1123
679
16270
20878
15457
17131
20846
20872
20888
8107
20915
20863
20839
17135
14760
20843
872
13283
20897
20837
4809
14076
20862
20449
20885
20859
20884
11689
1105
7783
20850
20880
20845
17115
1142
11658
20855
7943
20868
20838
1767
20709
12671
20894
17092
20864
20853
8308
20870
20840
20869
20834
20879
5298
20848
20937
17098
16388
848
6746
20841
20931
20896
20458
20865
20903
831
20852
20858
20835
6719
20889
28081
28040
28067
28068
21912
28089
28112
28060
28143
28061
28032
28062
8214
28077
28149
28049
28041
28140
28130
28124
28065
28084
28083
28122
28100
28080
28132
28039
28042
28044
28048
28046
28150
28082
616
9003
28071
28059
28094
12149
28115
28054
28085
28117
28101
28052
30363
30346
30361
30364
30317
30370
21886
30318
30334
30339
30340
30348
30330
30337
30362
30408
30316
13031
30406
30321
30349
30329
30397
30332
30358
30377
4738
26563
30312
30412
30401
26560
30369
30459
30320
30385
48972
48964
48965
49041
48974
49014
48976
5360
49027
14206
48968
34182
14601
49013
23232
48988
16379
63225
41249
63293
63257
2022
659
63322
63284
1563
6624
63246
63235
9022
63226
60174
63241
52476
63236
63299
23271
63318
40665
822
63303
63301
4578
75137
75150
14754
75134
75222
75213
75240
75199
45998
75119
75265
17108
75236
75124
75120
14710
75133
12773
