39571
0
39572
3336
39583
18120
39589
35484
4378
27565
39604
39596
39575
39612
4402
39622
4383
39592
4896
39588
13620
25673
39626
27567
4388
39595
39620
4371
2255
39605
39594
4437
35427
39574
35448
20012
11839
35469
39623
10815
35439
2062
39585
2254
39602
4904
35481
25674
4363
32195
39615
39599
39590
27568
35471
39601
39584
4912
4374
27866
39577
35460
4395
39581
39573
39600
4703
30090
35463
47121
35429
45494
4755
36614
4381
27550
27561
47138
20017
37495
47148
47147
47156
27876
47139
35446
45497
47153
47137
47130
45508
30084
47159
35437
47162
47157
47125
27807
35496
45504
47160
35458
47131
47166
27551
47150
47158
47171
35506
32667
35436
45505
13589
47140
47142
45499
19299
4422
47126
47152
47143
47128
47146
2217
47173
25710
18116
11921
27557
19255
35451
50405
50434
27560
35456
2241
27564
39801
4885
4377
50461
26724
35424
50409
50396
50418
3307
4902
30051
50406
50431
35482
6318
50429
