39574
0
35427
35469
39592
35481
4388
39596
4896
35471
13620
39611
4904
39584
39595
18841
35439
35460
39626
32195
4374
4383
39623
3336
35448
10815
39581
39602
2255
20012
27567
39622
39577
4703
4912
39599
27568
2254
27565
6244
11839
4402
3332
35484
35463
39571
39587
2062
39620
4371
39585
39612
39604
27882
25674
4395
4363
4437
27557
4412
35436
6318
2070
16821
13671
33512
39799
39853
25687
39806
4666
16777
2021
16776
39801
39820
19355
4717
35458
30051
4879
19301
13678
39800
19007
11921
20017
20029
4664
4870
19314
2241
19299
19311
430
26724
39812
4742
13674
39832
19351
16760
19288
19256
13595
4398
13597
39802
39826
5821
27551
13603
2038
39807
4902
3490
47122
47164
47127
19292
4755
33481
37495
27807
47166
27876
4381
45492
45504
35506
47141
47158
47148
45497
36619
19018
47140
47126
47149
35429
35446
47137
30084
18563
27550
36614
47142
45752
47145
45499
47135
45772
13644
47134
4422
45508
47159
47144
19258
9937
13584
13569
13663
4773
27430
13636
58185
27436
65624
65623
13568
65610
3525
65614
45755
4707
2009
1030
13650
3566
58181
2324
13576
2493
4885
13590
13705
13656
19252
4731
19280
4655
19338
4656
3423
65609
216
20009
27435
65612
58175
13612
4753
58157
65625
27432
65622
13676
19264
58142
27431
45765
4960
3319
19279
13701
2049
