39593
0
18113
18841
4378
39602
4472
39595
4703
2255
4383
13620
2254
39608
10815
4912
13678
26783
19007
6318
13671
33512
430
16777
39808
20029
2124
4664
4879
2279
19265
15164
32251
5821
2241
16821
4666
4717
4722
13595
13674
39799
19347
16776
19300
16842
4850
19302
2009
4680
2074
45752
4701
45747
45755
4846
45764
21331
19292
45759
3535
2291
472
19340
45753
2246
45777
2049
20034
850
13590
3462
4377
13609
16812
4366
46057
60776
42580
60775
60767
19274
13632
13645
49404
60772
33519
60770
60763
60771
19281
24755
60766
60778
60764
60774
60777
13619
60779
60769
60765
60768
38475
