39602
0
2255
39593
2254
38465
18113
4402
3336
4896
11839
27565
4703
39621
39592
4395
39595
10815
39596
35471
39570
39607
25673
39577
39574
4855
4912
39571
39627
35430
4472
39591
4902
39807
13597
20017
4822
6318
2021
4666
39837
39828
430
39825
33512
19351
2241
39798
18783
13666
16760
11921
39799
20030
39842
39803
39804
13599
4664
19299
4903
13639
13595
13603
16821
39808
13674
4879
49578
4844
50390
4377
47165
45497
50410
45494
45491
38480
45498
35456
1658
22108
20031
36614
50452
35451
50456
50420
50404
47148
50448
47121
1375
50440
50439
45504
6690
19292
19365
65619
216
19018
19275
13566
2049
13601
4710
65626
65622
817
4655
13635
13633
17928
2324
65613
13568
37535
13668
20009
2927
13612
4773
4731
2291
4707
58157
17921
27431
4656
4960
19352
13676
13644
65615
2246
3423
