39649
0
39650
312
3059
266
236
261
9313
11542
9293
267
286
191
35770
245
247
39647
213
737
202
255
11545
11554
193
361
14252
284
226
229
287
313
39678
265
360
288
39662
314
3080
3052
11475
11539
292
306
212
241
1977
39651
251
11571
211
234
184
256
39674
39664
11590
327
230
243
217
311
39654
11502
8671
257
11541
669
39669
3081
11491
11505
3055
215
214
277
11587
9245
40355
228
190
14297
204
11523
9524
11488
40363
11501
40359
40356
11582
185
40364
357
10117
315
40358
36165
41306
11561
9227
9239
29378
41289
41297
26822
183
41294
11483
11544
26825
39108
26835
36177
335
9256
11594
9310
369
9247
36126
9282
41313
9258
9226
29395
61212
216
61235
61192
