39727
0
39728
25473
39732
39750
25494
39738
39752
39783
39737
25561
39735
39724
25544
39764
39740
39761
39756
39768
39766
48533
48548
48541
25536
44566
48531
48560
44579
48553
48534
25450
48550
48549
48576
48535
48557
48555
25547
48529
44589
5442
48539
48551
48581
48563
44598
48530
48537
44601
48575
48556
48570
48561
25455
48538
44571
47181
48528
44596
48572
44560
44580
44570
48559
48542
48552
25467
48564
48544
25463
48565
74132
54238
25531
44595
74149
44567
74142
32485
74136
74153
74143
74159
74161
74137
74133
74145
24225
74152
74162
25504
4229
74146
74135
44600
24219
25598
74156
74151
74147
25545
74138
44574
25448
25499
25568
74150
25487
74144
74139
74157
