39798
4
5821
19299
39608
19301
13674
19304
16777
39800
19311
2124
4742
10815
39822
19895
25674
39808
18113
39602
39820
6296
12543
4666
13671
4696
16821
2038
33512
4855
4398
13620
3336
13603
19257
6244
20017
19288
2070
39832
39853
39844
11839
2062
4725
4664
4703
6318
13595
13589
3490
19300
4879
2225
3332
19336
25673
19284
39849
20029
39826
16776
39794
27568
19351
3295
19007
4904
13639
10341
13626
39825
25687
39845
2254
16737
19254
13599
39818
6246
430
4870
4440
16739
16842
19256
4902
39806
4383
4717
4912
19355
32251
2237
19347
39795
1027
2241
19305
3302
19289
13678
4363
4822
39799
27551
19314
2021
19276
13597
