39818
0
10341
39821
39804
13593
4664
19373
6246
13639
19895
4717
13603
4703
19007
19304
39810
4666
4879
2237
39828
39838
39851
39827
39809
13674
2038
19306
13599
2021
13666
13595
39840
39839
4659
39602
4440
13626
4725
430
39830
4903
4663
38265
39841
10815
6318
13589
13664
19299
19355
39829
2062
4696
4742
6257
1603
1636
40801
6663
8170
2908
1675
4680
40790
712
13653
13572
13590
4731
8319
49133
13580
49141
13594
13660
13632
19356
803
4846
37490
4707
4658
13592
13723
19282
4655
13685
13591
4656
13605
13677
13635
49183
49125
13663
13568
4667
18115
13700
13578
13669
13609
50311
50306
57505
38246
22193
57546
13621
7974
50271
4377
13679
57498
57545
13600
57499
57496
57497
13676
57532
33504
57542
19904
4773
6316
4710
57528
57519
57521
38248
13587
50321
13619
57513
13570
13681
19357
13582
19898
13588
13584
57503
57507
13574
9883
57526
38267
38252
