4
4
5
93
59
18
97
28
180
75
58
91
61
85
7
10
149
9
35
37
71
161
132
1
105
40
26
39
101
102
109
87
99
69
130
34
129
94
89
78
42
52
68
77
80
51
126
131
41
92
119
22
84
19
56
144
14
140
79
31
33
6
4103
4152
6901
4169
4124
6875
4183
6888
4179
6926
918
6944
4164
4077
6953
4101
930
6922
4249
4141
6881
6895
6886
6900
894
6945
948
6917
4108
4096
6949
6929
6877
4127
944
6892
4070
6897
927
6942
994
6898
4171
6933
6914
6911
6915
6884
6916
4102
4167
4214
4173
4150
6903
4158
4188
9739
9767
9756
9775
9796
9738
9772
4186
9801
9762
4076
9735
9733
9374
4161
9790
4230
9736
9740
9749
9779
4185
9785
9788
9783
9752
9808
4195
7622
4147
9807
9798
9734
9745
9799
9774
9781
9776
9809
9759
9784
7568
9804
4122
9742
9792
9760
4105
9744
9777
9764
14189
4088
13428
14200
9380
14175
4157
4175
14195
14172
13397
906
7613
14204
14190
12701
13425
14185
14183
5160
18290
12678
12710
4215
13426
17316
18886
4078
25315
25329
25316
25377
25351
4357
25349
4085
25320
2248
21972
16732
25366
25370
1275
25376
22427
25360
25344
25350
25402
25322
25354
25342
12689
25352
25379
25389
25388
25362
25328
13420
25343
25373
25371
17309
4334
25347
25364
25397
25332
25336
29832
29863
22001
4069
29844
29854
4099
12697
7579
29852
29845
29842
29836
29840
29968
29985
29963
30002
29993
29903
17278
29964
13441
30015
13412
29986
29989
12712
30004
29994
29988
29987
29995
4123
29967
17269
29962
29996
29975
29955
30007
7583
4196
11956
25145
4154
30494
7580
9389
13416
32287
987
32293
32277
32273
32278
32280
32284
32276
32290
32292
35209
11958
20130
46929
71282
57461
34395
34396
