4049
0
4044
1374
4063
12830
3120
10001
2903
12850
2908
849
12841
1641
387
14634
4662
7666
14645
1656
1759
14577
14576
7867
14611
14596
7650
18594
18666
18615
18673
18596
18623
18707
18729
7438
18746
28979
28961
24149
28964
28965
28969
28960
28955
28959
31233
6639
7964
26974
7979
31338
31307
712
2927
12959
33031
2909
6024
24343
14140
38142
38136
38141
7441
38161
38154
38143
7732
38137
7658
26137
38133
38150
13375
38153
38157
5762
38132
43241
43244
43248
43257
26028
27971
826
9169
26023
8080
48758
7707
43915
48725
48702
48751
19647
48769
48726
