40609
0
24328
12798
40618
40571
4063
30543
7946
40599
8386
40668
12786
20910
18313
40595
40575
40583
24459
40629
40586
40588
40603
40602
12671
9080
4578
40651
35051
14770
12810
40572
30529
8014
7953
8378
34283
10229
8333
20883
40613
20876
40636
40635
14349
822
36463
33256
40590
21816
22901
679
40581
21540
1327
40654
40619
40612
18321
40596
40625
35876
36722
40593
40641
37469
8355
40605
2256
40569
713
6719
40682
831
12799
40630
19171
18891
1719
40580
14376
5243
19923
40582
40570
40615
40578
40606
649
40574
21963
40649
40610
53047
26534
53040
53097
9035
12253
53092
28708
3967
53039
49637
20709
18080
6624
632
8385
