4069
0
4070
4078
4079
4085
4096
92
4115
983
991
4084
4091
941
918
77
944
933
4103
129
4105
85
952
156
4104
4121
930
9
4117
894
75
937
4081
99
4108
957
990
4076
4097
4072
4077
4119
4169
161
4171
44
4195
137
4247
127
960
4257
4166
4142
970
4239
4210
4279
919
57
63
4154
48
4183
921
936
4278
4241
4158
41
162
4152
4163
4161
4168
4173
4216
4160
4196
4141
4177
910
4146
4182
4206
91
109
74
4180
4194
4198
4262
4174
4143
959
144
4205
4249
4192
30
4176
4148
20
4211
4149
4147
66
972
4200
4202
932
4159
28
4186
4191
4150
4155
4165
4212
898
5
79
4164
948
7596
56
70
101
7622
157
7600
69
94
39
71
7599
82
7582
7575
7598
938
7613
68
906
12710
6914
6922
6911
34
13449
6887
927
4
6891
29844
1005
6915
9373
29857
29838
6940
9733
9747
6933
9738
5172
9381
6884
6917
14169
6878
29903
6929
13390
31479
34391
39700
140
6935
6899
11958
76
27535
25145
22433
6877
25092
9775
39708
18493
20092
131
11956
42
38193
45029
45014
35265
30475
22434
47562
32014
115
935
35209
66684
52081
45
3251
40
141
70141
58
47292
47264
1303
1001
47301
47266
1021
6883
9743
14172
21971
32546
