4074
0
4075
4112
4124
4090
4086
4106
4127
941
4092
4121
937
4069
4119
9
4132
4117
4084
928
4095
930
4133
918
4123
4079
990
944
4099
933
4076
129
991
85
156
4103
4089
952
4109
894
4094
92
4108
4100
4118
4087
4113
957
4073
4097
4102
4072
4091
983
77
4120
4078
99
4104
4093
4081
4088
901
4126
4101
4070
4111
6913
13409
13408
4159
6929
13404
13429
13438
13424
9733
13420
6902
4152
4169
4155
9743
6933
13432
6884
13400
13430
9389
889
6886
13390
6870
20
13464
13392
9790
13399
939
4156
13461
12722
13458
6888
9745
6940
6955
13395
4167
28
904
13398
13423
13422
6945
6911
161
12677
66
13397
981
13413
13450
13445
12683
9404
34
4209
13449
13463
13412
13405
932
9776
4142
13419
13434
13427
13415
13442
919
4161
12684
162
7613
13393
9739
13402
6917
12697
964
13401
84
9753
929
4180
6946
13426
9810
4143
9394
4200
6924
13435
13394
13436
13433
9784
4158
4174
4146
4214
4164
905
9380
13406
13443
13407
6920
4163
13428
958
1303
4183
4157
6878
959
4186
13421
13425
4171
13441
9772
13440
4249
12712
9775
9757
9381
4182
12682
9377
13444
13439
1005
13462
13410
4150
927
13416
7622
4147
4202
40
973
31456
14168
31430
31429
5327
12686
987
12700
31505
79
31493
31479
14174
31443
5049
6928
970
7577
31425
31452
31446
31454
12726
31421
31466
29960
31426
18878
4185
920
31494
57
897
