4077
0
4109
4094
928
4103
4091
85
4099
4078
957
77
4096
4087
4083
99
983
4104
4070
941
937
4069
4081
918
952
4121
4136
4092
4076
4101
92
4119
944
4072
156
933
66
4155
4247
4146
162
4160
44
959
4150
144
4159
4205
970
41
4171
4182
905
921
4206
4185
4143
4249
4163
79
4183
4210
4239
91
889
4152
4156
20
4237
4166
929
4257
4214
161
948
898
4174
4164
4141
4142
4232
4158
4179
4186
4169
919
28
4144
4202
4147
4167
4173
4215
927
6910
6955
6929
6899
6882
34
6953
64
6940
6911
6888
6935
6923
6875
6879
6886
958
6903
6944
949
6942
84
6902
6917
6913
6920
911
6914
6939
4
40
6878
6891
6887
7568
9741
9743
9762
9735
9748
9374
9776
9381
9799
9779
9792
39
9757
9737
9754
9784
9747
13412
12697
9380
13432
13414
9394
7613
13421
13449
13390
13419
891
906
89
14172
14174
18882
12675
8
18884
18878
18883
18879
22001
7565
88
25103
25145
12710
29839
29838
78
29846
922
29886
29899
29963
30028
29996
101
30498
115
35998
4334
36001
140
934
