4086
0
9
4111
941
4105
901
894
99
156
4075
991
4115
77
4118
930
4094
4122
4076
85
4095
933
4126
4087
4108
4093
92
4121
4096
983
4084
4072
7608
7573
39
7597
7574
7576
7572
906
94
84
137
7568
26
7631
82
7600
28
7560
4213
4180
7603
7601
7614
7606
932
57
4212
4218
964
127
4205
5
56
101
161
16
41
7591
61
2598
959
910
53
7563
7609
4195
91
7607
4162
109
4264
71
43
7584
908
898
7564
102
79
157
4170
3
7602
954
66
7595
7598
31466
31482
970
31433
31438
31456
31447
14168
110
31440
11970
920
4222
6928
31468
973
895
31443
31421
889
40
9389
11945
931
31420
11936
31470
31418
31428
21996
31439
974
20982
31432
997
902
31431
31423
31417
31427
31459
897
31436
5327
31448
936
31434
31483
29960
903
962
162
11937
915
31453
5049
31422
4164
11949
34722
12709
955
125
38208
2
16728
32406
38193
20119
30475
38200
5057
32461
913
20948
71503
12763
61552
34376
45
32404
71517
71539
12721
71504
71513
20130
32446
35176
30
71527
71507
115
14172
116
11956
67106
63
71506
136
71498
42
140
32462
71522
32425
46905
71501
4142
36
71512
4161
111
32274
29848
42635
6922
961
10
71502
