4091
0
957
77
92
4087
4076
75
4126
4072
4070
933
4078
4112
9
4077
930
4098
4069
928
918
4074
4090
4092
4083
4120
4088
4099
4106
4095
4132
4081
894
937
85
4094
4102
156
4121
941
944
4127
952
4118
4108
4107
4097
4103
4104
4096
4119
99
4101
4117
4111
129
4
6908
4214
162
4217
4167
6915
6920
927
932
6883
40
6878
4141
6927
6871
91
4169
6955
948
6901
6895
6939
6940
6904
6916
84
6929
6891
958
137
6913
4247
4171
921
4174
161
911
6902
6870
4158
6886
6879
28
4249
929
6898
6917
4155
6903
6922
4163
6945
4182
6876
6884
6900
34
4206
6911
6946
6933
6926
6893
6888
4183
4202
4173
4150
6930
6942
6923
4152
6887
20
66
889
4142
6921
6960
6914
7568
13422
9380
13442
13430
13441
4186
13410
13433
13428
939
4159
13392
13458
905
13455
12677
4188
9757
13396
9377
13464
4233
13423
13435
13440
13411
13450
13393
13425
9772
9381
9739
7613
4146
959
964
13395
906
4143
13449
12712
13439
12697
13419
13416
9404
13413
13412
13432
9790
13414
9389
13401
13390
13415
13444
4147
9775
12683
4161
13403
9733
9374
13443
13436
4157
919
9784
13407
12682
9776
9743
13397
4166
4175
14189
4145
897
14174
14170
4185
14201
14194
4210
14186
9762
14168
4177
12701
14177
14191
14182
14192
12728
89
14179
14172
14185
14183
968
17263
17287
17245
9403
17316
17278
9627
17242
17283
17282
12705
9636
17369
17342
17311
17265
17367
17267
17255
7579
9629
17307
12706
17298
2313
17299
17257
17269
17328
69
17247
17244
17319
17266
17259
12713
68
12689
17273
3120
17304
17241
17336
12675
4160
18886
9801
4215
18887
9373
127
4211
41
18874
39
18878
9747
18879
29839
4148
79
29854
5172
12710
22001
29842
29844
9738
9799
4144
29838
32273
31463
32288
32282
9735
29903
987
32291
32284
32292
29989
12679
32278
18287
29917
4168
12678
374
25110
4334
4191
9792
4195
912
35989
35985
