4096
0
4076
9
930
77
4093
4112
4121
4103
4108
957
944
85
99
4095
4105
4135
4099
4091
4086
4101
4120
918
4078
4077
4119
4127
4094
4123
4072
4106
937
4083
156
991
4069
75
4111
901
4104
129
92
941
4081
4126
894
66
4159
4207
5
4217
4161
932
948
4155
4168
929
47
4188
4232
4176
4160
4185
4210
4171
4169
4150
889
4202
4157
4271
4164
898
4247
4214
4239
137
4152
4249
4165
4166
41
4206
4183
4237
4226
4257
4177
4175
4179
919
4156
161
4158
4141
4238
904
4148
4229
4186
4244
4181
127
63
4147
28
4173
4167
44
6877
6940
34
6879
6942
6881
6914
6955
6917
6886
5792
6870
6915
6913
6871
6933
911
6929
6951
958
6966
6946
6888
6899
4
6911
6909
6943
6964
6894
6883
6892
6907
2598
7579
7613
906
7569
69
7568
7600
5160
7599
964
39
102
7582
68
9742
9766
9745
9796
9757
9754
9738
9378
9737
9773
9762
9761
9403
9775
9804
9749
9776
5026
9733
9374
9790
9809
9739
9747
9772
9771
9756
9764
9777
9381
9398
9758
9734
9373
12712
12683
13427
1005
981
13450
939
12682
9380
13447
13422
13414
1303
13443
12722
13439
13432
12728
14172
14185
9385
14168
14186
14182
14170
14174
14183
18882
18888
18884
18874
21985
21996
21990
22000
21973
25104
5172
17269
25110
25115
25106
892
25139
12710
29844
29838
29866
29863
29885
29927
29898
29897
29920
29939
29899
29883
29884
29894
29918
987
30006
29995
29983
5327
32579
32578
32555
32613
32290
32556
22
22427
17282
32569
32546
32561
32539
32576
32553
32547
32586
32566
32580
32584
32549
32575
32558
8562
3899
32631
32645
32636
32648
32635
32629
4334
35992
22039
35984
35998
3120
36430
39968
39973
9369
5182
40001
39992
12689
40027
39959
39958
39991
12742
1275
39987
39960
39985
39979
3160
39977
4286
9379
45961
18493
22429
35265
34545
45
66736
32485
66735
66685
35209
68953
31463
34376
920
899
34540
42
71510
131
