41024
0
4672
1115
4665
41021
5327
2904
41098
41067
41016
2246
41107
7698
41095
41031
41094
8080
41077
1374
41112
31735
41082
3489
7867
1369
41030
41035
499
28679
41118
2927
7641
41015
4719
4754
3491
41017
41061
757
41080
1807
4662
4044
41020
41074
41013
24759
41049
41105
39782
4683
41052
41076
26165
41018
18372
3471
14605
41026
41073
41122
25203
4734
41023
4940
41068
4680
41050
39181
1303
2049
4694
2997
20032
2013
4766
41114
41072
41025
1656
4424
17439
3543
41075
9212
2009
26414
41046
41106
3087
216
4677
41101
41036
41047
41104
41063
