4103
0
4088
4072
4102
4090
941
4070
4101
4081
4078
4124
4104
983
4094
4118
4122
4098
9
4089
4093
944
4113
4083
4108
99
4097
129
85
4099
928
156
77
901
894
918
4079
4109
4130
937
952
4091
4076
4077
933
4106
92
4096
4119
930
4121
4112
4069
4085
4105
4084
4127
75
4176
4177
4147
4163
41
5
4161
910
898
4171
4173
4186
970
137
66
932
4141
4188
161
4143
4167
904
4156
4214
91
905
4206
4189
4215
4164
4230
4152
4160
4209
4278
4239
4205
929
4169
28
4166
4247
936
919
4150
4175
4158
47
948
889
30
79
4208
127
4183
4179
4202
4155
4142
4249
4241
4146
4174
4210
44
4157
4165
4144
4159
4148
4213
6877
6927
6917
6923
6933
6913
6911
6955
4
6870
6898
6894
6922
6891
6875
6929
6961
6892
84
6887
6878
6946
6942
6904
927
6921
6943
6916
6909
6876
6918
6886
6903
6871
6930
40
6910
6888
34
6926
6945
6914
6935
6953
6915
9392
9370
9385
5172
9380
9377
9381
9379
5160
9413
9404
22
906
9411
9373
9403
9748
7568
9771
39
9745
9735
9806
9776
9790
9743
9772
9766
9792
9799
9747
9752
9808
9793
9810
9734
9739
9764
9756
9809
9762
9757
9775
9753
9744
7615
9785
9784
9794
9746
13425
13427
13397
13412
13447
13441
13416
13432
13449
13406
939
13433
13444
13462
964
7613
13392
1303
13426
12683
13396
12677
12682
13390
13442
13421
13415
13439
13393
13440
13422
14174
89
14169
14182
14168
14185
14181
12701
14189
12675
18882
18883
8
18874
18884
25139
938
37
25145
7600
68
22432
69
17269
25102
7579
912
94
29852
22001
29846
29845
29839
29838
12710
61
29858
29857
102
29899
29905
12719
922
987
7599
29886
5306
29883
29885
29897
29903
12690
6561
11964
115
101
30492
7580
30482
32284
12680
32273
32281
31479
32291
32295
32277
35985
4334
2382
12678
35984
4339
35989
105
58
35209
140
56
135
52
11958
32406
20130
46925
42
111
71523
71501
