41164
0
31394
3636
41158
40223
3617
7964
41188
3667
30119
3619
3634
41177
21623
38047
11616
41181
1175
41161
31364
21611
41160
3640
21562
41157
31366
41196
3621
41179
41162
33246
3614
3631
41176
21706
3677
41168
21603
41191
3659
41163
3652
41165
41213
7979
3618
41197
41216
43069
43077
43079
43067
43074
11642
649
43054
40284
43081
21606
21616
43059
3650
48828
64401
64396
64412
55545
40320
56565
55542
64400
3880
66881
75468
4483
38023
34241
46697
76051
76061
46691
64321
76076
76072
56570
76084
76052
40306
76065
76062
76058
46702
76050
43291
12854
76049
76060
76063
76066
76069
76073
76059
76070
