41179
0
38047
3652
31364
3667
41206
1752
41177
21569
41165
21623
30119
41178
3677
3659
3614
41181
31366
1304
41161
9645
1754
3619
41163
21611
11616
3631
41216
41157
21706
3634
41187
41203
41158
41219
3635
41189
41204
31394
37999
3624
3660
41180
33246
41168
41164
21562
3621
1270
43068
1305
43072
43079
1296
43074
43066
21765
43077
11642
43059
43057
43056
43060
43070
43073
21616
1310
26318
43086
40284
43067
649
36507
1287
36467
43054
1266
21606
43087
43078
1271
1298
1353
12786
64343
1318
1267
60453
64321
64344
64416
64396
40320
64436
55545
8019
64400
64401
713
66883
66911
66880
6755
46697
12079
76058
4578
76089
76084
12658
76069
31363
76065
75468
76052
4483
