4118
0
4123
991
4077
4126
4103
4104
4100
941
4078
937
901
4094
75
4072
4096
4073
4088
4086
4069
4081
4111
4074
99
9
944
4087
4075
4127
952
918
4105
983
4070
894
4098
930
4121
957
4101
4117
4112
77
933
4120
4119
4113
156
4132
4091
928
4097
85
4083
4084
990
4076
92
4106
4095
4093
4079
129
4108
9744
9761
4249
4152
4143
927
161
6928
4182
4186
898
9762
9779
4278
9374
9776
6915
4168
9755
9386
9740
968
9735
9749
9757
4163
9738
6914
6917
9736
9756
91
4195
4217
948
34
9801
9373
28
9810
6930
6883
9739
9381
4233
9784
905
9771
4173
4177
9372
4
9753
9737
9792
9809
4161
4158
39
9743
4148
9791
932
79
917
4174
4188
6955
4185
4156
9799
6878
9734
9774
4155
6929
4164
4147
4146
9733
4171
4210
911
889
4166
9803
4165
9750
9790
9775
4150
4145
89
9385
3207
12679
12699
162
12694
12697
9389
1303
4313
12706
12681
2248
8562
12722
4180
69
12689
12743
12742
12705
2382
5300
12682
12693
12691
12698
12749
68
12677
12678
2598
12726
4320
12707
9626
12696
12690
12721
12685
12710
12684
12680
12711
9407
12733
12712
12675
12737
12728
994
5172
6920
12702
12716
12713
1275
6877
84
12701
12750
939
12686
12738
5182
12683
13425
6933
13416
6884
9404
13434
13390
4167
13445
13417
13410
13428
6886
13433
13458
13444
4209
13395
1005
4169
4214
981
13408
13407
13402
13438
959
13443
13397
13396
13436
919
13421
13389
13398
20
66
9394
4159
6904
13442
13401
13449
9377
6924
13452
13392
906
6946
13422
13427
4183
13435
6911
929
964
13391
13457
13450
13426
13404
13432
13419
13415
9380
13413
13393
13406
4142
904
7613
13414
4157
13455
13440
13430
13453
6870
13412
13462
13424
31456
4202
31492
920
31494
4222
31493
31505
31463
16990
31452
31480
31429
31479
29960
18878
31425
31421
31419
14174
31473
897
31426
31422
5327
31443
31466
987
13535
35990
4334
6898
29917
4141
4206
35985
6943
22039
921
14186
912
6891
2247
35984
35995
17439
38202
38208
38190
38199
11949
6871
38211
137
17313
33614
