4122
0
4123
92
4114
4085
75
4102
4094
4130
918
930
4105
4072
9
4121
99
4086
4078
4083
894
4127
4075
4124
129
4101
4108
4103
85
991
4076
77
4150
4158
9739
6940
9756
9808
4249
9735
4164
9733
9740
6878
9792
9790
6915
4
7568
79
161
9774
4152
9374
4188
7615
34
9734
9784
6917
9798
9799
9744
4156
9772
9760
28
9753
4148
9801
6914
29963
30007
13441
29993
29965
17278
30033
12678
29962
6898
29986
13411
29979
29989
29964
6945
84
30002
12681
29967
30004
29955
29988
995
29996
29973
29903
25349
13426
12726
14168
87
31454
31480
31429
31492
987
31479
31473
31426
31494
31433
5327
12683
31421
31466
31443
13415
32284
32273
14189
6921
6884
12710
13425
12675
32291
6888
32278
32289
