41250
0
16237
757
41264
41263
16882
4658
16271
1374
1369
27794
30374
9952
7471
41279
41277
3470
16318
4383
39297
454
506
41237
3461
41255
35562
469
16313
16343
2012
855
2063
4674
6663
2009
2908
5243
3491
2291
2927
3511
1807
3502
38142
2037
520
2008
826
4692
26953
10743
4680
4687
22119
2022
7654
58882
58881
2361
34071
41998
2145
1829
58916
26943
46013
41972
58885
58903
3493
6603
58880
26572
2107
58897
7472
29524
45984
7685
3528
4394
6237
50140
58906
39754
3462
2013
521
7710
58907
6328
58927
4913
27308
2297
66155
19022
66160
66148
2256
66207
66154
11930
66179
66147
50947
66144
66177
39162
66156
66219
66145
66173
66188
66191
66162
66171
34152
66151
66146
16344
66164
66189
45596
