4127
0
77
4101
4076
4104
4070
4118
4088
75
930
4109
4111
894
92
4133
918
941
4096
4081
937
4083
4094
4124
933
4134
4087
4105
4122
4090
9
129
4135
156
4103
4132
4123
85
4121
99
6911
6927
40
6914
932
6973
927
4183
4249
6880
6870
6894
6942
161
6903
6940
4173
28
6879
6945
6922
6874
6898
4158
4209
4
6881
6926
6904
6919
34
6923
929
6912
948
4206
4163
6917
84
6946
6960
4174
91
6916
6913
6929
4189
4164
4150
4155
6933
6930
4214
6915
6884
6969
6878
6886
9772
7615
9798
4147
9760
9733
4233
9735
4188
9785
79
9739
4161
9736
9762
7568
9776
9374
9752
9771
9757
4185
9792
9749
9753
4195
4177
4143
9799
905
9764
13427
13440
13435
13422
9389
13449
9377
13412
13393
7613
13401
13396
13429
12697
13423
13390
9380
13426
13389
13439
13411
12722
12683
13428
13400
13425
13413
13433
12676
13408
13455
13394
13444
13471
12682
4157
12677
4175
4215
41
12675
4160
18874
14190
12710
4144
29845
29844
29838
29853
29862
29852
29857
29832
29886
29926
29883
29920
25349
29903
29893
7599
29949
