41297
0
335
277
230
9292
11594
26812
184
312
39093
9269
9256
191
9300
39102
41328
9247
41295
183
41317
9252
210
11544
9284
26851
39649
9306
9281
41302
311
229
9270
9282
3055
9273
41333
26805
228
41308
41300
26798
26838
39108
26815
41334
9310
11561
41351
41353
26825
213
9226
41316
9276
234
41305
9342
9245
39134
41350
9261
737
41319
11590
11541
9239
265
9258
39097
41352
9227
360
41310
41327
41338
39668
26822
41309
9262
211
26828
9313
41336
36126
41303
39114
41314
41347
11475
42908
75049
75047
75055
42944
75054
75056
75052
42935
42911
75048
75044
75057
26796
75050
75045
42993
75059
42979
26854
9250
75051
42954
42923
