4147
0
937
162
4180
4146
4166
161
928
4164
92
4119
4233
4156
9
959
4232
4173
4141
4081
4165
983
4195
948
28
99
4182
75
4177
4210
929
4179
156
921
4168
41
4200
944
20
4185
4161
4214
894
952
4160
4143
77
4174
4077
4152
4183
4206
889
4249
4278
4148
932
918
4188
85
129
4167
4096
4155
4108
4121
4072
4175
4189
91
4163
4145
4171
919
4103
4158
4186
66
4105
9377
9389
9373
9381
4076
6929
6911
5026
927
9411
9370
7629
4084
906
9772
9733
4
6928
34
9790
1013
9737
6955
6917
9757
9789
9775
4118
968
7615
9776
9745
4111
9799
9751
7568
6915
9792
9794
9754
9762
941
9812
9787
4099
964
13453
13447
6913
6946
13400
12682
6870
6888
13419
13421
6886
6881
13445
13467
13439
12684
13438
13418
12683
13410
7590
6920
13432
13423
981
13436
13435
13398
14170
897
6899
14177
6943
17264
17283
17242
17269
17253
17263
17273
17284
12734
17305
17275
17282
17259
17266
17303
17255
6880
12710
18888
6960
21971
21993
21988
21991
22427
22432
25116
25104
25139
25352
25347
1275
29840
29841
29854
4106
29903
12709
29904
6923
29926
6939
29905
4123
29994
29963
29996
30497
4075
7580
32584
32546
3207
32571
32539
39997
39977
39979
48671
