4150
0
4152
904
4155
4177
948
161
959
66
92
4169
91
4166
4175
4164
894
918
77
20
79
4149
4179
4233
4096
4161
983
9
4196
4212
4249
4077
4070
937
952
4072
85
28
4239
4156
4195
41
889
4163
4121
4119
929
4265
4237
4171
4173
4069
919
63
4103
48
944
30
4207
4257
4183
4214
129
4159
4210
932
4158
4108
928
75
4217
4208
4160
99
144
6916
4102
4101
6940
6904
4104
6907
6915
6914
911
6885
34
6929
6876
6879
933
6955
6913
6930
6898
6878
6926
4127
6887
6888
927
6944
6922
6895
6900
6894
84
6911
941
6933
6924
6921
6917
4
6945
6943
9401
9378
9381
9386
9374
9380
4076
9376
906
22
5026
9389
9759
9772
9808
9775
9762
9743
9739
9776
9773
9801
9813
7622
9738
9774
9771
9788
9767
9804
9733
9736
9756
9799
9745
9784
9792
9735
9783
9764
39
9778
4122
9742
9794
7568
9785
9744
9734
9790
4099
13397
13426
7613
13390
13442
13423
13416
13439
939
12722
964
13419
12697
13420
13392
12677
13410
13414
981
13434
13428
13469
13406
13445
12683
13421
13432
13449
13436
12712
14191
14169
12728
14200
14189
14183
4088
14172
14168
14180
897
14186
89
14170
18884
17316
4078
12675
18874
8
4109
18879
68
21972
21996
21985
21988
22001
21990
21993
912
71
7579
25139
25110
25145
17269
29836
29842
29845
29844
78
12710
30494
4075
36
31479
32271
18287
32284
29989
31463
32277
32278
31488
29899
35986
36001
35987
35985
35984
35999
4334
72
39695
32547
68952
68951
68956
68953
32569
25364
68962
32425
42
71513
71505
71501
