4154
0
4155
127
4069
4244
4108
129
4226
28
4196
91
894
4212
4194
75
4205
161
4231
41
137
4161
79
898
4147
4192
4096
47
4210
109
74
99
77
144
4186
63
4121
85
932
4198
9
959
92
22429
69
68
140
5138
5050
5327
22433
101
16728
5170
22436
5049
22426
22445
7599
7582
906
20948
30475
30477
11956
20830
84
29857
3251
12701
4076
25145
4
128
7
6578
3440
34391
4085
98
136
35138
39692
39700
25098
12354
39698
6915
6935
20105
45058
39968
42
123
45018
38193
45064
2598
6482
36433
45029
6900
80
45035
9792
18492
45013
132
45012
45041
131
45011
12356
45009
45030
45014
18493
35223
45020
45022
45037
7563
20985
47305
47275
51
47288
47286
7598
47274
47272
47295
47267
47303
96
45
47266
27633
47302
1001
32462
47264
47279
58
55243
29848
34395
49988
34709
31422
20104
35209
7600
66688
6940
29833
20082
66714
66695
32274
36436
66705
36429
47562
6569
66690
66685
66691
66701
3237
70140
5160
70156
70141
35169
70149
70146
160
70152
34396
114
32564
70136
40001
70137
