4155
12
4096
952
4249
91
144
20
4108
4156
4163
4072
4182
4121
901
4167
932
918
4160
4077
4175
904
99
4119
4150
4173
4147
4158
4210
4103
4200
127
28
4186
161
92
4214
4144
4185
162
919
85
9
77
4174
63
66
4177
4143
983
4208
156
4164
4169
889
4171
921
894
4179
4127
84
6943
6940
6939
6911
6870
6920
6904
6886
6871
6913
6929
927
6917
4104
6945
6912
6924
6955
5172
9385
9410
9389
9400
9368
9404
5160
9374
906
9386
9403
4076
9379
9407
4105
9377
9380
9373
917
9736
9762
9799
7568
9751
9776
9792
9739
9804
9794
9757
9749
12712
12705
939
12697
12734
12686
12680
12733
5270
1303
12684
12687
12738
4320
981
13400
1005
13432
7613
13391
13423
13411
13446
964
4126
13399
13428
14172
991
17272
17335
17316
17315
17255
17337
17269
17259
22004
21973
32546
32549
32556
32553
32607
32578
32580
32290
32557
32558
32575
34697
35987
39977
25347
40010
