4173
0
4182
994
4161
162
4121
919
889
4150
77
66
156
4119
4180
4214
4157
4146
4152
161
4217
4108
904
894
4081
4171
937
85
952
4249
4200
4077
908
4179
932
905
4103
129
4183
4169
4164
9
4147
4209
4096
4159
4174
918
92
4167
959
75
4163
929
4156
4142
944
4155
4158
4188
930
4143
28
928
4186
4233
20
4072
99
901
983
927
6955
4102
6913
6904
4091
84
4127
6902
6878
6886
34
6929
958
6946
4111
6940
6884
6924
949
941
6870
6933
6911
6945
6917
6910
6888
6930
6881
6920
9377
4076
9394
4105
906
9389
9380
9381
9374
9378
9404
9776
9790
7622
9782
7568
9757
9745
9753
917
9772
9775
9784
9810
9739
4118
7615
9811
9733
9743
7590
939
12684
12722
12677
12683
1303
12682
12712
12676
12697
13428
13397
13404
13465
13446
13425
7613
13411
13432
957
13447
981
13436
13431
13419
13390
4126
13414
13405
13426
964
1005
13444
13463
4099
13449
13417
13451
13439
13412
13453
13441
13415
13450
13462
13416
13445
13400
13435
13466
13393
