4177
4
4108
952
4142
4155
948
41
4146
930
4164
4180
92
4169
161
4165
4121
983
4195
4173
20
4081
28
929
898
4175
4163
894
85
162
4249
4119
91
4210
4157
4206
4168
9
4174
4143
4096
932
4150
4166
4185
4161
4171
4215
4217
129
4072
918
4152
4233
4145
66
4188
937
959
4147
4186
4069
99
4103
156
944
77
4208
9383
9368
9379
6878
9372
9377
9392
9395
9382
5327
9411
6911
9385
9369
9381
5026
9407
9404
9380
9378
9389
2598
9386
927
4076
6929
4084
6883
906
9373
9398
9757
6917
6930
9775
9791
4118
9738
6955
9776
9742
9733
9761
9737
6928
9792
9762
13419
6933
6888
84
40
6886
4078
22001
21990
12712
4106
6903
7599
20830
32584
17282
45957
4132
45959
45960
30498
45956
12738
45961
45958
