41885
0
1606
41861
4808
41917
14783
41864
41860
20665
30304
41850
31220
41883
9432
41859
41838
41851
41935
47701
55711
41768
55662
55705
55769
55693
55679
55630
55623
55619
17597
6400
55683
32610
55628
55616
55735
55767
55712
55617
15011
14727
4806
55692
55708
55765
55668
55737
55644
55677
55728
55742
55673
55658
55636
55660
34425
55687
55645
55703
55620
55646
55731
55613
55618
55664
55741
41084
55706
55637
55625
55733
24122
55697
55653
47708
55682
55659
36998
55629
55648
49342
55651
53754
55739
55710
55643
55650
55744
55634
55729
22798
55700
55663
55642
55715
55732
55672
55718
6405
55709
55622
55665
15033
39433
55669
55657
55621
55647
55626
55627
