41978
0
41979
26560
26364
41988
3548
1374
36385
42014
41986
26342
27336
42040
41995
26423
42007
4654
41990
7733
486
41968
4694
26351
757
10948
41969
26352
26362
30332
16768
10911
4677
2908
7444
15938
7429
1369
26572
26359
20456
41972
41999
30434
41961
41281
25306
30386
3968
454
42028
30361
4766
3543
26357
26343
41976
18240
42072
6306
41967
42050
10344
41982
41971
41966
5677
7694
10892
2049
41964
41977
10934
7736
26360
30451
42048
7398
7459
58903
2022
2242
46013
3528
4695
50140
23297
30367
3462
826
4692
7650
34102
19982
