4198
0
4154
4229
137
4186
4196
970
4069
4264
77
85
66
4108
92
63
959
41
74
4170
28
4188
898
9
4193
127
930
156
99
4151
4228
4162
7600
69
22433
25145
68
906
98
18493
34391
34376
18
34396
29857
20105
3160
35144
1303
35169
35223
35208
5058
35261
11956
22429
32749
76
7607
35209
16728
18485
35265
96
35204
35189
51
101
3120
30496
30477
2341
6915
39692
27535
12354
5792
6935
39698
39700
140
2598
39968
12742
36433
5182
45035
45037
45041
12356
38193
42
45011
9792
45014
2248
18492
7598
47264
45
47267
47266
47314
47301
17038
32462
30475
47274
47292
36430
6944
1001
58
2
66701
5327
66693
20082
36429
141
36436
66689
66695
66705
66688
66685
925
27594
66714
47562
