4205
0
99
92
4221
4262
898
4151
30
918
894
137
944
915
4083
85
144
959
4193
4153
4103
889
79
57
9
127
77
4218
161
936
20
4069
4198
41
932
28
4244
4163
91
4226
66
4152
4077
928
129
156
4154
4108
5
109
4146
7575
52
1003
101
7607
78
26
7572
14
7565
4082
82
7597
39
7600
155
7619
102
7573
906
7
7606
964
7587
7596
5673
5170
56
7560
94
142
7586
7584
33
5160
7568
7570
7628
7581
7582
7605
12
7598
68
7623
3
29
7593
7609
157
2598
4085
73
6944
7576
7625
17
902
6928
25121
25133
11974
9793
25127
6
88
25145
37
25146
25098
25092
20119
177
22433
25119
3120
29857
20830
30493
11964
30488
21996
13
30487
36
30475
30478
35141
16728
105
35223
51
35279
6900
35193
35209
113
22429
31
96
35138
35194
22461
36428
36430
36429
36448
36445
36443
27577
36459
36435
36436
36433
45046
2248
116
2313
12354
45029
45037
3160
45017
45048
132
20127
136
39968
4292
45011
42
12356
131
34389
32406
46904
141
135
11942
64
140
11958
58
34
2
39700
47277
6935
47307
32462
47274
47284
47305
47266
1
47272
47309
95
39971
47294
17070
47265
47291
47287
47264
47286
47295
47288
47301
35
47578
47562
27782
47575
47557
31453
34395
160
34396
111
71534
31422
32446
71515
71501
71522
32404
71499
34540
