4216
0
85
4195
4200
77
137
162
4194
4235
9
41
28
4154
930
932
4213
4221
4108
92
954
4069
4276
4212
99
24
4230
20
57
79
30
910
108
127
75
4198
4190
91
157
11989
124
125
69
11956
902
11962
11941
11960
6928
68
17
11979
128
56
6944
7
6578
3120
3266
946
5132
906
50
18524
82
39
13
12355
12359
101
36
20830
30475
12701
3251
20092
3440
5170
38
35174
18493
35239
16728
35248
35182
105
5058
35191
5028
80
35141
35194
62
35213
45013
34696
45011
1001
12356
47298
20948
39700
27633
39971
45015
32462
140
7599
39968
47267
47339
47319
47274
1
47285
95
47288
98
22448
24609
34382
12354
47581
45029
133
123
47562
47567
47586
12373
47584
21
55245
46895
34395
55264
55233
55248
20967
27535
45034
55227
55243
34698
55496
20109
46921
25
7565
7603
12378
9625
22428
70204
46640
4085
13535
70243
20090
27678
