42842
0
41545
14783
42783
42793
42818
42830
42773
42798
8017
4477
22910
42778
42876
4532
42821
22916
42855
22917
4580
42785
8029
42796
23964
12810
42802
4478
4587
4558
42885
42800
42846
4483
42790
42875
23990
42837
42768
42836
12665
42820
30805
42636
42831
42777
4493
4500
10144
22904
19696
42828
42806
42815
4578
42786
42829
732
24006
30814
22914
4485
4542
22234
216
42898
42841
42803
54733
22901
54739
4523
54735
54731
4488
713
4567
54754
4511
12635
4008
10174
10218
10918
7470
491
54770
10137
31176
10149
4524
4510
16664
4566
46301
23982
4501
54746
9436
6755
12786
31143
10188
54773
8009
10158
4494
4556
54756
42213
8385
