43391
0
7647
10791
4752
10748
6304
7672
2960
7727
43402
18756
10803
5638
7719
5762
24958
50121
25003
1374
43892
24149
24972
25007
43899
50137
50123
24946
6621
6604
7688
24411
25017
50126
24947
6655
50153
24950
50164
6608
50125
50130
24976
43888
3526
50143
6618
50120
24974
6626
24996
56379
6646
56391
6645
24953
56401
56376
56430
56386
24955
24949
6660
56418
56469
56448
6607
56447
56456
56393
56431
56368
6667
56452
6623
56373
31066
56426
24951
36868
56405
56409
24977
6685
56411
24959
56394
56429
6617
43887
56416
6652
43879
24957
56372
56433
56400
24944
56361
6615
56458
56366
56403
56383
56381
56397
56404
50257
56371
56407
7660
24960
56420
56471
4879
56398
56389
56370
56395
7668
