43606
0
43663
43654
43693
43689
22682
43684
43673
43638
1641
43666
43649
43674
43676
43659
43620
43645
7543
43625
12188
43602
43710
7557
12247
43611
24932
7533
20545
43665
20524
43656
43624
43599
43661
8411
7548
43694
23052
43670
43601
43639
7540
43706
43609
27011
7538
43603
43621
43604
14149
43647
20515
7544
43630
8388
8408
43657
653
43636
13824
43708
43677
43618
7551
43719
7537
8405
43700
23249
43650
27908
7558
43702
43634
5893
43687
20629
7555
7550
7541
7542
43675
43614
43709
43664
43605
12186
43701
43727
43669
43607
43736
43629
8997
43617
43637
43619
7546
