43625
4
7537
43628
43647
43636
43664
14157
43670
43656
43607
43634
9035
43708
43645
653
43615
43632
12247
43686
12518
2590
660
43639
43635
43722
12188
5893
43605
20524
43675
23249
43629
7555
8369
43674
12186
7542
43616
43669
20629
43638
43665
13824
7533
43612
43689
43685
27908
43606
14149
43684
20378
43699
43614
43617
12165
43602
8408
43601
1641
7549
47821
8386
47790
661
47811
9011
23588
47792
1133
47789
59651
12171
7891
7830
26982
31176
2689
659
10413
13283
4658
12786
3880
1046
24113
7280
1063
243
36480
12197
1172
59708
1739
59694
3939
714
6719
52606
3936
11292
713
1606
8004
8307
67952
10209
67974
30566
