43638
0
43639
43651
7555
7540
43608
7556
43676
8013
43625
7544
7551
8411
43662
43673
43716
43699
7550
43622
43606
43660
43687
43629
7538
43692
43674
43641
43666
43634
7533
7548
43658
43670
43665
43628
43636
43605
660
7537
27908
43630
24932
43609
43623
2590
43657
43700
43703
43689
43633
22682
20629
43648
1119
23072
20540
43647
12186
43612
43643
43611
43688
43649
43706
8405
7546
1641
7557
43654
7543
12900
43659
43691
14149
43685
43669
13824
43602
43604
43614
43730
12188
43613
7542
43708
1677
43615
43684
43655
27901
