4363
6
4377
4388
3347
4368
4413
2254
3490
3338
3343
4389
4362
4398
4437
4458
4381
4422
2124
3337
4371
4421
4402
4364
3336
3307
4374
3360
2280
4369
4395
3332
2337
2241
3329
4378
4412
2279
4419
4654
26780
2074
26782
2224
1024
27558
26724
27570
4973
27555
27557
27556
27566
27550
27569
27564
19292
10815
27560
27563
6318
4703
11921
27551
27568
11839
25673
16776
16777
27567
20012
4855
39572
39607
35427
39622
39603
39604
39591
39573
35484
39624
27882
32195
26599
39577
4896
35460
22120
22296
39592
39599
39628
39590
35439
39601
39589
39594
39600
25674
39626
3461
35481
39584
39582
39588
4904
39614
27866
39575
35448
4912
39623
39608
13674
39811
39794
33512
35458
19299
39800
35436
39844
4903
13589
39812
39849
50396
45494
45497
50399
19312
50435
35424
50392
45504
50418
37495
36614
50422
50387
50419
35456
50398
50401
3395
5673
47121
