4371
0
3365
3307
3343
3336
3332
4368
4422
3366
4421
3338
4388
4395
4389
2062
4367
3319
3381
2254
4363
4377
3329
4381
4458
4398
4402
3341
3314
4437
3337
4383
4374
32195
27883
35489
11846
35448
27564
35436
35439
35481
35429
35463
35503
13569
35458
32667
35424
35460
27568
35511
35446
35484
35495
4960
35506
35498
35469
27551
4703
35435
35440
26724
20009
32186
875
11839
2224
4912
10815
27567
35482
35471
19299
39584
27565
39604
39623
20012
39625
4855
39608
39601
39612
39622
39574
39581
39616
39599
25674
39590
39594
39592
2689
39577
11875
4904
27882
11921
4879
13595
27557
39826
39800
16777
6318
1385
19007
39801
39797
4902
25691
33512
39794
4973
45510
45503
45497
13644
45527
27558
3296
45493
45499
45500
45492
499
27807
45508
45534
45504
47135
27550
25710
47128
47155
45752
47140
47164
47137
47159
47129
18116
19644
