4373
1
4363
2326
2241
4364
4399
4384
3360
3309
3366
4440
3343
3322
3337
2265
3319
3314
4396
4452
3318
4413
3348
3292
4393
2038
2109
4455
3347
4389
4444
2333
2260
4398
3490
2256
3339
3341
2111
4369
3336
2353
2337
2026
15182
15147
15206
3315
15143
2224
15155
3410
15158
12615
1024
9849
3364
11899
3344
3425
3316
3302
3395
15203
2246
3321
12603
11840
10928
15176
3311
10908
4658
3313
17853
72269
17847
17383
3380
72319
3305
3399
3335
17483
3405
17870
22296
9863
12543
15496
72316
15460
72311
11895
41496
72293
16482
72256
43511
38361
15825
15824
19036
3354
3397
15821
7911
15811
15810
