4375
0
2234
3360
2243
4451
2026
2225
4365
3295
2293
2249
4455
3337
2280
2230
4426
2241
4407
2231
3292
2067
2117
3357
2228
2217
4369
4380
4399
3341
4405
2265
4450
2256
2229
2237
2337
2038
2274
3347
4368
2279
3338
3336
4379
3545
4401
2295
2111
2226
4440
4393
2127
3366
4367
4421
3343
2309
2376
3314
3319
3490
2062
4434
3307
2305
2259
10922
10883
10880
10892
10877
10904
10882
3395
10912
10937
10951
10948
10974
10925
10900
10921
10923
10879
10908
10871
10869
10885
10872
10881
7830
10889
10899
10966
10954
3315
12537
12595
12568
3371
3401
12571
3313
12566
12567
12599
12535
12589
12578
12590
12553
12576
12569
1032
803
4846
19828
13283
20011
7881
2224
25712
37722
3399
2316
2931
41129
8319
15160
20873
32659
7689
35326
55333
2302
30386
21410
71572
7911
2092
26601
18557
72150
72164
72490
72476
72480
72481
1152
72465
72473
72495
72514
72468
9626
72508
72478
72515
72506
72484
72469
72467
72464
72492
72501
72482
72498
25194
72505
72483
72471
72461
72491
72462
20886
20879
7403
