4381
16
4374
4363
4400
4368
4412
4389
3343
4456
4362
4398
4395
3338
4419
3337
3360
4422
4458
2241
4402
3336
2117
3329
2038
4397
3332
2255
2062
3347
3314
4378
4437
3307
4371
4388
3366
4383
2026
3292
4369
3365
2254
27557
13644
10815
11921
27564
27567
27565
27550
27561
27562
27551
11839
4973
19292
27568
27555
16776
26724
27558
27566
4703
6318
35427
35446
35436
32667
35481
3316
4912
430
35443
35484
27883
35527
20009
26601
35430
26599
35440
4960
13620
35458
35463
35469
875
35460
2224
35506
32186
35429
30051
35435
32195
35471
19299
32211
35439
35511
39801
39599
45494
39616
45506
3296
45508
27807
45504
3297
36614
47159
4904
47145
47149
39626
39571
47144
39592
45752
37495
47140
39600
47157
47121
18563
47164
39612
47133
39574
47158
47125
47139
39580
47138
25710
18116
47163
39623
45772
20012
2689
3399
15175
38371
3410
12611
2996
15164
35366
