4389
0
4412
4464
4396
4379
2026
3339
4374
4399
3338
4422
2255
4393
3490
4371
3343
3360
4395
3329
4378
3323
3292
4388
4400
2062
2254
3319
4362
4405
2021
3336
3332
3309
4369
4430
4466
4383
3348
3366
4421
4458
3337
4419
3381
3365
4363
4444
3347
3307
4381
3341
4402
3356
2241
3357
4413
3322
4373
4398
3314
4368
4437
2109
10912
3915
1347
1030
10890
3297
10889
10905
10869
3422
10958
1024
10920
10975
10953
3315
3394
802
10928
10877
2996
3395
10938
10908
1386
2224
3399
22120
3313
3296
11855
38355
12301
3317
38353
38364
38346
11849
7911
38370
38384
16488
38385
3392
38377
15175
36792
38372
8319
3371
15460
16487
19644
3354
12553
3351
3413
3370
13632
18563
35446
47125
47134
4703
45504
37495
39600
13644
27550
20012
4755
27561
47133
27565
27551
19292
39588
35436
10815
32195
19299
16776
30051
50405
11839
27557
27567
26724
6318
13595
11921
27564
27560
5673
4885
4879
50422
39582
50435
12595
12566
41520
19777
15158
3440
15155
7966
61453
19828
72298
624
39604
4710
22296
12608
3312
