4394
0
3511
2038
2337
3490
2225
4416
4431
4408
2256
2279
2265
4401
2013
2231
2241
2255
4380
3463
4426
2228
4417
2009
4424
2234
2295
2238
4450
4464
2217
2026
4407
7459
7449
2986
4913
20044
2953
4700
3461
4654
16801
4719
20034
2301
20058
2936
527
3469
20061
20015
6312
3502
4859
1369
20046
4858
3464
5603
20005
6317
20056
6278
2022
12097
16782
24988
2302
3471
24456
4669
18818
1336
2361
24986
16800
19987
34070
33217
19965
9155
10743
1374
34069
9678
34071
7443
6243
2908
7642
7650
2903
2028
2227
499
2931
6663
7398
2224
3548
1724
41281
46018
38405
2050
454
2914
27279
19982
45986
19954
6252
19966
7646
45967
30361
16768
46000
16839
45989
12591
31084
26775
41414
26287
19961
7687
43969
30390
45984
19939
27296
41968
6235
16762
43924
6237
41998
19979
1721
540
19937
41388
6327
41071
21410
2944
1619
10821
7463
3526
4674
1841
4680
3401
5243
4662
26572
6328
2336
463
58889
7647
26553
4696
2047
10420
3549
1803
10763
7415
26955
68920
1722
2964
27934
68930
27973
68927
3535
68124
21309
7491
10805
26291
8260
68135
528
19944
21356
27302
19974
38390
7426
505
26944
71828
71846
608
55367
45691
1834
7700
