4398
0
4378
4419
4430
4465
3329
2062
4374
4440
3292
4364
3356
4421
4452
4395
3360
3314
3337
3319
4444
3307
3339
4399
2013
3304
4369
3332
4445
4451
3323
3490
3322
4405
4423
4381
3336
4371
4383
4413
3295
4367
4363
3365
825
3347
3309
4402
2117
3366
2217
4377
4456
4458
3338
4388
4362
4389
4411
3343
4368
2254
4422
4393
4693
7819
3410
7881
3315
7854
7905
10938
3371
3312
12577
12545
11869
3384
3395
3302
12538
3296
12539
10869
430
12608
3313
12543
10884
3317
12606
10908
3370
3316
3392
15164
3298
11899
3344
9847
3393
11840
15149
9849
15171
2224
15155
15196
15161
3326
15175
15143
15193
3448
9869
18857
3418
26713
26579
11839
26724
3427
3297
11921
3372
33493
6244
13595
13626
4912
4717
19007
4879
4664
3525
10341
472
35448
35463
27568
11846
35436
27883
35439
35440
35458
35447
27551
32195
1385
3306
37506
4666
3399
11837
1440
38353
36184
38361
3328
19644
38348
38371
11831
11851
39839
39846
27557
39600
11886
6318
13599
20012
3502
39811
4973
39812
39801
4904
27882
13635
50087
50098
50104
50100
11926
787
847
7646
8034
17965
51632
51656
51663
30119
4675
12306
6316
11832
11882
11897
3303
11895
3379
41482
56517
18091
58435
13641
71565
11892
10920
39623
72148
26768
72154
11898
