44
0
126
98
74
135
25
155
66
59
81
61
122
91
11
75
137
38
56
64
97
45
106
144
52
92
12
26
76
112
34
69
43
145
109
113
37
140
108
27
110
8
86
156
160
77
47
142
129
85
152
161
143
131
79
84
71
62
153
128
162
17
117
150
7
0
3
28
163
132
29
51
164
18
111
16
42
2
169
1
102
147
88
15
46
6
73
14
173
136
60
30
87
94
20
93
39
115
68
78
19
168
90
101
154
80
107
40
141
5
63
100
53
70
157
130
49
24
10
4
31
41
67
9
149
99
48
57
127
114
82
33
58
4161
4177
4081
4185
4198
4207
4179
4163
908
4183
4121
4223
4166
983
4162
4141
4077
4230
4103
4231
4169
4219
4148
4175
4167
4206
994
894
4164
4189
4150
901
4157
4153
4096
4249
4186
905
4160
4165
972
4211
918
4213
4158
4155
4220
959
932
4146
4210
4119
919
898
4214
4212
4218
4174
910
4205
4144
4069
4215
4152
4232
4200
4176
4070
4209
4253
936
4147
4072
4151
4142
4149
4241
4216
928
944
952
4237
4108
4187
4171
4278
4234
4258
930
32439
32462
32450
20130
29857
32406
31422
32401
7593
7565
32424
7568
32404
7560
32461
32431
32466
9744
7572
11952
7566
20084
32446
955
7563
20105
32410
32409
32478
7606
7573
18485
12721
30476
32402
32459
4085
31442
927
6933
6917
32646
4104
9381
6914
906
4076
9779
6913
9799
12710
7613
21972
6923
14172
6911
1003
7600
20092
18493
34389
34395
933
29833
34383
34391
34393
907
20115
34377
11975
11936
34392
34376
25102
11958
9775
39711
11994
25105
39703
6935
6887
39693
7622
22433
25092
6928
25099
5027
7591
25119
25145
39701
934
6915
35138
25120
6891
39696
16728
12354
5132
916
12701
46595
11986
5028
6541
46597
46624
7579
25117
46671
46657
46643
25127
31437
31483
31433
35171
7586
9374
31434
35162
52083
52070
52072
18484
52071
9373
893
7576
