4402
0
4383
4381
4398
4369
3319
3337
4388
2062
4389
4377
4405
4395
4363
4422
2254
4434
3381
2228
2067
3336
4421
3307
4465
2026
3295
4440
2265
2280
4368
2217
2038
4374
4378
4437
3332
4458
4371
4451
4399
26601
26599
35436
35456
4912
35517
10815
25673
11846
27567
35471
35443
19299
26724
35448
35481
2224
35502
35498
32195
27876
35485
35430
35446
35507
35427
27551
35424
35484
35451
35511
35460
35469
35439
35440
27568
32667
26782
35503
4703
35463
35473
35458
430
35518
26750
35467
27560
4828
30090
27564
30084
30051
27883
11839
32211
27866
13620
35447
39607
20012
39608
27565
18841
39581
39577
4904
39614
39586
39600
22296
39606
39583
39573
11875
22120
39623
39592
39616
3397
39604
4855
39584
18120
39615
38465
39602
39619
39570
39589
25674
39622
39627
39574
18113
3439
39601
39587
39591
27882
39599
39580
39624
39626
39588
4896
39797
16760
20030
39794
33512
4664
27557
4879
39802
4822
39844
1385
13589
15164
13626
39811
39801
39823
20017
13595
6318
39842
4973
39812
11851
11921
4868
26585
45496
1386
45499
45506
45512
27807
45498
45518
45492
45505
45493
45520
3296
45504
45497
45491
45511
45521
45513
45510
45494
4715
543
25685
49578
50392
50418
50406
50388
37495
47121
47139
36614
50420
50431
50455
3395
50402
13567
50460
50424
50419
27550
50395
50405
50449
19255
50425
30075
30079
20407
71557
71559
12569
11873
71563
16494
11855
71565
3433
27561
11892
71550
47138
624
72275
72309
72266
72276
11849
