4404
0
3527
4383
2124
2254
4401
3511
3490
4403
4386
2250
2021
2217
4462
2042
4471
4387
4443
2309
2291
2990
2256
2279
2070
2229
2062
2008
2258
2219
2293
2231
2333
4394
2009
2330
4432
2225
2284
4396
2243
2353
3545
2013
4444
4429
4431
2026
2241
2038
2255
4417
4397
10808
3542
5589
2024
2301
7391
7449
7459
10786
12833
5614
12921
20051
2022
20032
2936
20045
7442
16801
2324
20033
6278
20006
3521
2023
20048
20073
7431
4845
19941
2953
20052
2049
20014
4719
4722
6320
4913
3464
20010
20061
20028
20054
3525
20019
2306
4654
4850
3491
20069
4896
4903
5635
1807
527
20015
4929
4693
20005
18790
20031
6312
10911
1369
3461
4859
6262
16364
4766
10767
19948
2246
22098
22095
22160
22117
22077
834
22083
4949
22081
2074
16839
22067
22119
499
22060
1730
22124
1656
2012
22120
2099
22088
2065
4672
4777
22101
22068
22133
817
22103
22074
22094
2302
4662
7867
22063
22065
22069
22076
4935
1374
2927
2945
2908
22111
22123
12842
22079
22110
850
18805
4680
4696
19937
7415
26275
26939
26931
6255
7695
26273
7654
26952
9169
2935
10892
12971
7668
26913
7423
26922
26892
26891
19959
26900
26293
26281
26896
6259
26942
26969
26928
26152
10754
4052
26280
7416
14577
4694
2975
19982
7398
505
7666
4056
10743
26284
26909
679
7399
12565
2958
6256
15436
26920
5638
26272
7432
2960
2910
26912
7678
26269
16753
26902
26901
24469
26923
26919
26895
26914
7493
26930
4677
26955
26911
26951
26283
826
2914
18205
6719
27278
2934
27314
27307
18171
10799
27330
19966
1803
19952
27326
27296
27299
27279
11440
7642
9166
27324
33403
33435
19970
5677
7707
33458
33463
12300
16762
4752
33404
12293
12866
2900
659
2931
2037
16768
7392
34080
12832
43946
43914
14239
43930
43918
43944
19939
636
4703
6663
7417
8080
43923
2903
34128
7458
13559
43924
7650
38164
1619
4692
4687
4674
6243
1030
43953
2904
7852
43932
19961
43921
4044
43915
19653
39044
43931
7393
2063
34083
43926
26246
520
12879
3543
216
7395
34101
43916
43925
6237
45991
41968
38405
45984
9133
6252
45978
43969
45964
45977
6327
16359
45971
46064
46035
19954
46036
34070
29622
46038
19979
30085
24413
45972
7439
45990
1821
31084
46022
45975
4873
26775
3548
1724
16736
540
45997
454
45986
19965
45996
46002
16788
2107
45967
7646
45995
45979
52099
5599
3315
28370
52136
52149
4725
1423
24665
856
7324
10734
4734
52125
52142
52139
2984
52100
2997
52169
52116
4049
33262
7443
7429
4673
52120
4686
52108
52144
7830
2321
34084
2366
4940
5578
20456
9678
3434
56350
1840
2944
32133
50133
55625
13474
30386
13283
56358
14611
10821
3311
56340
7660
22354
11762
12509
56344
1744
16295
62372
62353
6303
62393
62352
62362
62414
48705
62391
6281
62405
62418
62399
7723
62370
62382
3535
57278
62355
62402
62366
62356
11807
62384
62417
58889
7422
53778
26271
25203
7257
62376
54221
60664
3346
68575
1606
68582
25223
5792
10921
25222
12301
7649
849
566
3387
8363
54227
68567
2912
44521
1764
14576
7665
42043
4729
23664
2689
72906
59309
22178
7648
4658
7662
7710
7441
3936
7675
72908
26298
4713
20432
48758
72909
861
26285
