4407
0
2337
4394
2330
2279
2230
3336
2013
3545
4375
4431
2309
2127
3490
2291
3366
3463
2225
2026
2217
3511
2038
10803
10761
10799
7979
7646
7964
7678
10764
10777
7642
10772
10810
10808
6304
10763
7727
10790
10821
7733
7740
10767
7443
7439
10786
7405
19966
7410
19955
7431
11762
19954
7416
19942
7422
2953
19965
4719
4669
19974
2914
19990
7690
1836
7414
16839
2306
16782
19941
6317
24463
701
24423
5638
9144
803
3464
7447
24411
828
1327
24415
7478
3497
2936
826
2224
26775
10892
27295
1803
2934
27296
27299
27354
6252
2301
472
43977
27972
43970
791
43979
43968
7686
14076
4700
43974
20044
6266
3471
16800
6238
3470
3521
51653
3507
1347
802
2246
527
9155
20431
45197
850
3536
1764
1807
14093
34069
7395
6024
1720
43924
31263
55437
50371
20061
7430
505
7695
1721
2892
53216
23297
840
26287
71848
27959
41388
7403
5677
18926
454
71812
1738
7392
45704
45997
7700
71846
41127
27983
71826
53193
10883
27970
45717
71805
10902
71844
71824
6320
2964
10919
66046
52819
71831
7483
1029
7426
10890
4667
