44134
0
44160
16752
44157
44140
2157
16772
40453
2077
4858
44142
44143
2124
44141
44156
44154
44149
44155
3466
44176
16760
28205
2064
17444
44136
17412
44166
44137
22122
44148
40450
44172
27815
2246
44162
28217
17392
44146
44169
16742
44179
44187
2029
44180
20021
2027
44139
44168
464
16797
26778
44147
2082
16771
44152
16759
44135
44144
2074
44177
44175
44153
16751
40456
1374
7491
44150
44138
2067
44186
44159
44165
3527
44167
27883
26601
64987
3470
3535
11839
16832
2254
59298
64991
2009
16733
2127
3469
40460
4903
430
65013
3489
30051
65011
65014
11921
65005
2250
17400
469
3502
1386
65003
16739
64999
64992
26724
2241
2314
2038
35435
64990
65006
19008
64995
55801
472
3336
2230
40465
2243
1030
1385
64986
2333
27875
30084
4703
16764
64989
65004
64988
65012
2279
3549
4870
64996
65009
35427
28226
64997
16791
3423
27836
32195
7836
67623
16737
2353
6324
3464
67618
67638
16790
16812
67624
3534
67636
4446
3518
16765
16784
3507
4701
540
54533
506
67621
2070
1406
40458
67620
16807
67616
40455
67631
3537
4680
16773
55811
67625
16801
