44135
0
44136
1374
41795
17444
17392
44161
17412
44158
44172
44155
2082
44154
16771
7491
44169
28205
16772
3527
464
16760
44165
44168
27815
40453
44137
44171
3466
44176
44143
16751
44175
44167
2027
2064
2124
44139
44174
44134
44177
44160
2074
44180
40456
44148
40450
28217
44149
44166
44150
44162
64997
4374
2254
28226
65006
64991
4422
4383
64995
65005
2009
64988
26724
3439
3423
3469
35427
30084
39585
27883
16739
64992
64987
3549
4870
11839
2038
2241
32195
4658
65011
64999
65009
40460
4903
35435
2333
472
4703
30051
3899
64986
35440
2013
67621
16790
16812
4680
67631
54533
2070
16830
67624
1406
16765
2353
4446
