44161
0
44149
44144
44157
2157
16752
18948
40456
44142
44164
40450
2067
2027
16771
44160
2124
3466
44143
44136
22094
44138
44175
44139
44165
16760
3461
22122
44174
2082
44177
17412
20021
2064
44147
16797
44155
16772
464
44137
44146
3527
16789
44182
2074
27815
44156
2029
44166
2077
16759
44134
44153
44150
7491
44135
44176
16742
44162
1374
44148
44168
16751
44167
17392
2009
28226
3507
64991
64988
2121
4414
16739
4870
55811
472
3549
16790
16812
16773
16801
67624
430
16737
506
3537
16765
540
40455
3518
67625
64997
469
2127
64990
65016
6324
48268
40458
2230
3502
4680
40460
65006
67621
2070
4701
4903
16733
3471
67620
16784
67618
67636
4446
3469
4703
2333
1406
