4485
0
4486
4523
4556
4482
4532
4582
4477
4578
4558
4542
4501
4510
4509
4580
4612
4594
4494
4610
4537
4478
4587
4600
4483
4583
4481
10174
10200
10188
10159
3905
3880
10166
10158
10163
10218
22922
22943
22918
22901
3879
22904
22917
22923
22916
22914
7664
22896
22934
24012
24003
23997
23964
7712
24014
24067
23985
14395
16625
41866
14783
42804
42800
42774
42777
42790
26863
42886
41545
12805
42855
42818
42879
42815
42842
42821
42847
42814
42826
42801
42792
12810
42830
42768
42839
42857
42803
42793
42869
42831
42769
42806
42860
42798
30780
42770
42858
42775
42885
42813
42811
42802
8017
52702
31143
54786
12217
54770
1187
54726
31176
42213
54731
9431
54747
1316
