4493
0
4542
4501
4598
4524
4559
4502
4488
4483
4570
4485
4566
4604
4610
4567
4481
4628
4532
4500
4494
4503
4583
4523
4549
4587
4555
4533
10145
10218
3905
10174
10152
10188
10149
10158
10146
3999
10284
713
22916
22917
22922
22948
22914
22910
16664
24067
23982
23964
23990
24076
23985
24062
24012
5311
13304
41552
41572
41555
1187
41550
14395
1608
41571
42773
42793
42849
42842
42885
42826
37067
54766
54782
9037
54784
46301
54731
54739
54792
7470
52702
54802
54753
54733
54735
54725
54803
31143
54737
54787
42213
54773
54744
54740
54797
54791
54751
8313
54777
