45014
0
57
898
4069
29857
7565
129
4108
24
4212
45047
137
7
7573
4200
136
45058
85
91
45035
7599
92
45072
80
45022
63
4154
34549
161
28
45046
99
77
12354
30
2248
2341
75
47
38193
18485
22429
98
69
4196
123
17
45017
11956
116
127
131
76
68
906
20105
972
39
42
894
4198
45029
16728
45012
105
45015
45011
18493
971
7601
34381
6935
32014
35209
4264
35138
126
66722
6928
8
66713
156
9
66685
45
79
32462
34722
4096
66701
66731
66714
66695
101
162
66706
31422
115
22434
889
36436
66692
20090
25120
5327
47286
4170
34380
20082
52
37
959
66684
4339
30475
70140
1303
7575
47266
5792
3120
74
66
34391
58
70142
47301
39692
114
5058
140
1001
160
22428
11938
55495
139
17309
12361
20116
5
7574
31441
55207
55491
31436
128
70195
