4501
0
4576
4594
4544
4511
4612
4487
4509
4494
4485
4484
4570
4486
4503
4523
4480
4483
4542
4566
4564
4532
4502
4477
4582
4587
4510
4481
4482
4563
4558
4611
4591
4604
4557
4512
4524
4588
4641
4572
4583
4602
4556
10194
10153
10188
10178
10155
10165
10219
10145
10156
713
10159
10182
10218
6371
10166
10231
10201
10146
22898
22926
22917
22911
22922
22936
22908
22914
24051
24012
24067
23964
23988
23958
23987
24076
24045
23982
23990
30814
41569
3989
42842
54731
42213
9037
54726
54787
54748
42801
38709
12810
42889
6402
73979
73982
42793
