45035
0
132
4198
30478
92
45042
77
99
4154
129
12354
24
80
12356
7
47
98
57
29857
45030
38193
42
45029
69
4212
75
34389
45011
7599
2598
11956
16728
45041
85
39968
30487
4085
18493
45046
30488
6482
127
4069
137
76
7573
123
63
28
45013
45034
47287
45
95
20948
1
47284
47276
47267
1001
20117
7563
34701
36
47279
47301
140
47274
7598
47309
47294
47295
47302
59
20081
22433
47264
22448
96
30475
47303
12355
47280
50
47567
47565
47584
47578
173
47571
47563
27782
133
20
7597
12373
12361
25146
47555
139
47552
47572
24297
168
107
13
9
3120
79
128
27535
33
55208
22425
5170
78
4151
70147
36436
7575
70148
34396
66685
160
101
12750
4264
32564
32439
14
94
