45103
0
45079
45087
45090
19956
14637
45127
45129
24149
45092
45132
45097
24444
45128
45141
45122
45120
45093
45125
45109
45075
499
45119
45137
45139
7900
24464
45096
45105
15267
45099
45081
24420
24446
45104
45078
7438
45140
45108
45117
2291
45114
45115
803
45084
45118
45098
45082
24397
45091
7651
45077
45088
45123
49871
49891
49845
49906
19982
49863
49857
49851
49890
49869
44889
49899
49847
2900
49887
49853
49852
3543
2009
49909
4658
49880
4680
49875
31601
1744
4940
7964
4687
4692
1656
7423
4662
4694
47973
8080
2008
50949
4672
16400
1369
556
50945
