45168
1
21162
21146
31262
43470
12444
43463
9987
45182
21109
21178
9985
45155
22705
9988
22715
22702
45177
43459
10001
22710
22701
21070
43468
21145
45192
12923
43481
22724
43504
43460
21194
10002
43490
22722
43457
45174
22721
45160
45165
47018
21150
46991
9992
47009
47021
47031
46973
47002
47038
43469
22703
46990
10003
47032
47006
47007
47015
46995
9990
46996
46978
46980
47024
16271
47036
47022
46983
46979
46982
46988
46976
46975
61640
12922
43482
61632
61629
10005
61652
61618
61619
61644
61649
61616
61624
61628
61689
61658
22717
61627
22704
61626
9996
22726
43477
61657
61637
9995
