45317
0
45318
45372
45368
45387
26534
45432
45480
45408
45419
45333
45383
45407
38704
45398
308
45393
45376
45346
45394
45447
45443
45420
45337
45349
45477
45313
36018
45314
45367
45366
45458
45390
45460
45340
45362
45417
45334
45482
45358
45322
45332
45356
45371
45315
45354
45453
45429
45331
45375
45424
45374
45359
45382
45391
45455
45326
45449
45426
45336
45378
45389
45411
45355
45384
45457
45357
45330
38711
45323
45327
45441
45409
45415
45436
45406
45467
45431
45324
45363
45381
45456
45342
45380
45343
45450
45471
12202
45396
45348
45386
45446
20340
45370
45442
45433
45413
45379
45461
45350
45321
45345
45422
45475
361
45397
45319
45316
45361
45473
45400
45466
45448
6523
45425
45320
45338
45365
45352
45445
45351
45412
45410
45484
45353
45347
45470
45421
