45313
4
45314
12202
45337
45411
45395
45424
45399
45393
45319
45426
45323
45446
45371
45383
45455
45391
45334
45485
45406
45359
45340
45375
45441
45403
45429
45457
45331
45354
45356
45358
45410
45355
45417
45335
45449
45445
45460
45366
45326
45327
45385
45374
45341
45320
45343
45317
45394
45473
45316
45315
45448
45322
45422
1641
45412
45478
2645
26534
45368
45318
45352
45367
45347
36018
45349
45386
45443
308
45398
45475
45407
45342
45377
45324
45365
45321
45338
20303
45467
45408
43569
45413
45415
45452
45421
45330
45370
45472
20340
45392
361
45396
45381
45333
45435
45451
45442
45459
45419
45363
45369
45425
45409
6523
45361
45453
45456
45384
45364
45345
45329
35925
45461
45378
45379
45436
45336
45469
45325
34759
