4532
0
4510
4537
4509
4486
4583
4523
4511
4488
4600
4588
4587
4501
4533
4477
4618
4577
4578
4500
4485
4483
4494
4556
10158
10188
10165
10159
10166
10174
713
10212
10214
10218
701
3880
9436
10191
3967
10249
4063
22902
22891
22904
22923
16664
22915
22916
22926
9397
22917
22922
22910
22901
24003
23971
7712
7270
23990
23964
24014
1187
41545
37008
21926
34440
30814
42777
12805
42860
42768
8017
42809
42832
42810
42837
42851
42842
42857
42800
42890
30780
36697
12810
42778
42885
42803
42821
31162
42793
42783
732
42773
42798
42769
42845
12792
42770
42839
42825
14783
42879
42801
30545
42820
42780
42818
22234
42835
42799
42806
42790
42796
42841
42855
52585
31143
54734
54731
54774
12663
7470
4008
54752
9431
12635
36096
42213
5442
2899
54739
54777
54780
54773
9037
10918
1172
36686
54744
54735
54802
51762
8385
6755
12786
54748
31176
54754
7938
51327
7975
61869
16464
61870
14469
5359
51343
14759
6624
7953
28649
