45396
0
45356
45407
45355
45474
45321
45366
45335
45339
45398
45381
45429
45446
45460
1641
36018
45369
45336
45371
45442
45391
45343
45485
45318
45421
45405
45348
45327
45409
45422
3087
45316
45365
45443
45383
45329
45340
45401
45319
45435
20340
45324
45315
45386
45482
45420
35925
45379
45345
45332
45349
45326
45393
45425
45363
45331
45440
45384
45380
45455
45334
45361
45410
45320
20277
26534
6523
45413
12202
45394
45317
45411
45359
45417
45354
45431
45469
45449
45426
45399
45451
20238
1060
36087
