45393
2
45417
45369
45464
2645
3087
45324
45370
45318
36018
45456
45345
45316
45422
34759
45461
45398
45336
45476
45433
20303
45467
45373
45386
45347
45348
12202
45361
45411
45424
45360
20340
45329
308
45389
45379
45475
45485
45359
34770
45328
45451
45442
45431
45326
45381
45350
45432
45413
45452
43569
45421
45330
45425
45399
45490
45455
45396
45335
45384
45435
45477
45405
45327
35925
6523
45331
45410
45319
20277
45315
45380
45322
45449
45343
45445
45364
45419
26534
45382
45371
45383
45374
45469
45474
45334
45423
1641
45340
45349
45460
45314
45446
45443
45468
45426
45321
45338
45391
45366
45390
45332
45447
45320
45429
45440
45354
45356
45407
45394
