45400
0
45338
45470
361
45471
45380
45315
45349
45393
45372
26534
45354
45457
45337
45379
45374
45364
45411
45326
45325
45346
45317
45422
45316
45429
45321
45366
45389
45417
45361
45320
45370
45367
45358
45362
45462
45352
45421
45350
45336
45363
45455
45333
34759
45355
45327
45384
45461
45322
45409
45334
45345
45472
45386
45330
45342
45347
35925
45397
45413
45398
45343
45344
45446
45440
20340
45331
45408
36018
45425
45467
45377
45353
45475
45383
45368
45332
45381
45391
38704
45415
45431
45426
45324
45396
45442
45371
45449
