45417
0
45327
45441
45363
45420
45440
45392
45401
45375
45331
36018
45317
45326
45350
45381
45337
45323
45340
45393
38704
45332
45386
45361
45356
45467
45315
45352
45322
45484
45334
45400
45423
45453
45408
45443
45365
45341
45456
45351
45394
45336
45395
45399
45412
45374
45344
45389
45366
45435
45367
45406
45358
20340
45313
45371
45349
45429
45345
34759
45459
45461
308
45324
45348
45396
45445
45462
45342
45446
45409
45370
45472
45353
45436
45347
45378
45320
45379
45421
45377
45478
45466
45338
45316
45325
45419
45397
45384
45431
12202
45413
45346
45390
45442
45449
45422
1641
45398
45355
38711
45457
45321
45426
20277
45333
45357
45425
