45491
0
20030
45498
4437
4388
45499
4374
26724
45492
27558
45495
4381
45522
35424
27567
2038
13589
27551
4377
13644
19299
45508
27560
3423
11839
4828
45505
32195
45514
35458
39801
4912
35456
27807
27883
1386
45513
4422
39844
45510
3307
4371
39599
4402
45518
10815
39615
45497
35446
35470
35506
35484
2254
45506
45494
39601
45512
3336
35471
11921
27568
2026
45511
39605
45504
35481
25673
4395
35498
4703
2241
27565
25674
13620
15164
39571
35430
16777
50394
39577
2062
25733
27550
36614
27557
39602
13567
39623
37495
50406
4896
50424
39607
6318
13595
50398
39797
50399
4654
22108
47165
50409
39582
39794
4389
47122
39617
50392
4363
19322
73173
73182
