45691
0
2145
1722
4777
43411
1834
10764
6671
5638
27922
7733
45710
4669
7416
27299
27972
5899
7694
41960
7447
7723
7400
8258
27304
45723
7403
45701
45717
27934
7454
10759
45690
24400
7668
7464
7395
7469
45711
9133
9156
45707
26955
7642
9159
10789
34069
505
31263
1720
55437
55405
55367
55403
7695
43924
7690
4700
7678
1721
20941
7687
10772
7486
3548
4049
2009
4695
44005
41281
3490
7398
30374
2038
4675
19966
5677
34064
8128
1842
52819
27983
71805
71820
31517
7449
7422
4394
66046
71815
71826
66054
27970
7721
27314
30424
7646
7426
71807
1829
26957
10743
41388
7674
71827
7472
12520
27296
23297
2964
24397
71831
27959
71836
27973
71847
