4578
2
4483
4573
4610
4532
4584
4555
4582
3880
7665
7712
6719
5298
7270
6624
7953
701
1336
7966
1578
4063
1764
7958
1563
8017
3967
8032
713
2987
8004
17087
1768
8107
14220
1719
1172
14722
17124
17112
1739
17086
1776
1676
1792
6008
2977
24345
10229
24340
24331
24328
24319
22904
1187
24334
24353
24346
24382
17231
14206
24350
3945
15762
12854
3877
14223
24326
2949
24332
1646
18313
26531
31171
4008
31165
31192
5336
12773
12785
35876
12787
3905
14741
11641
35892
3934
17607
10918
28649
35633
35888
35883
12804
19860
35919
35880
5316
10157
14756
3315
18893
7404
8378
16664
12810
1175
36211
12672
15217
36721
36684
12786
22926
36717
22234
36003
36755
11440
12671
20738
36084
36683
36722
16464
9436
36671
36723
36686
40569
40596
14736
40618
40594
40624
40583
37469
40582
6755
21816
40662
40606
14710
21926
40590
12798
11672
11669
40575
40584
40586
40572
40595
40609
30529
26036
40612
22901
40598
40634
34283
1762
5323
41800
30780
14439
42890
30545
42856
30791
42888
12792
30814
14783
12805
42891
10358
1804
43115
14759
3936
49818
39869
39179
18188
20449
12781
52571
52608
9893
52560
22943
52631
2923
491
59452
12983
2996
589
13714
39861
10737
53117
60193
60186
49708
53118
60187
60204
13690
53114
60234
60194
60177
14751
60178
60174
53001
30852
22280
20472
5309
1820
61432
61881
61902
51343
61870
47984
51327
49722
62040
8385
54208
58293
62071
36027
522
12662
14713
3983
3879
12998
43311
39889
54064
21484
67964
9387
12658
14764
69956
15208
14749
59671
69934
448
69987
69941
66114
34590
10174
1697
41180
72858
10218
