45851
0
33696
13785
13830
45870
728
45786
1870
45873
1915
1493
45865
45860
45883
5252
705
1522
5217
45875
5235
5233
694
45848
5208
729
45846
699
45894
243
652
656
5227
1519
37334
1942
675
649
672
708
34983
646
12643
658
1111
45855
37374
37413
45854
45858
37333
37406
45847
654
5213
37346
39466
45850
13811
5226
48398
3815
5195
43101
48422
1469
48411
5241
48432
48424
48439
1471
13817
1546
48437
5201
710
31913
48497
48418
13821
48433
13847
720
5244
48404
5246
48428
24862
45796
48498
3813
666
48491
37353
48440
1554
48458
48503
31934
48416
48429
13780
1574
31915
13782
5206
48442
48470
48403
13776
31911
696
48406
698
651
5197
48486
1545
13793
48014
48478
1450
48451
677
48401
48435
1547
48407
1548
3828
13833
48426
48417
13781
648
722
655
48444
39471
3810
690
48408
719
