46087
0
4881
2324
4715
4845
4693
2049
11273
5630
2322
46088
31595
5589
46127
46132
4826
2291
4954
20066
5602
18815
4692
35786
10815
46147
11276
4945
5619
4878
46121
5583
46113
5623
3448
4902
4848
11280
6318
46133
31586
39800
18800
4814
4863
4865
4859
11287
4884
4925
18796
46129
5603
4883
16488
4892
4822
624
11274
18824
46103
4867
46096
4860
4876
46135
9869
39832
46123
46091
4844
46101
46128
4703
21013
4830
46163
485
20049
4717
4870
4885
19291
4909
4938
7836
2241
46089
11281
46090
4894
38478
11286
4831
25702
4832
46085
16487
4932
1030
