4610
0
4485
4483
4642
4545
38603
38559
38554
38650
38598
38545
38588
16624
38573
23985
14769
38653
38663
38652
38593
38633
38572
38629
38557
38632
38594
30814
38610
10795
38565
38566
38601
38576
38569
38597
38666
38591
38646
38725
38592
12217
38549
38616
38543
38560
38582
38581
38602
38558
38705
29103
38697
38600
38655
38660
38635
13518
38567
38595
38596
38657
38615
38672
38684
38544
38721
38589
38585
38669
9037
54742
54753
1187
9436
6402
37175
22916
6755
713
54793
22926
42889
54761
1045
12810
22922
