46101
0
4860
46089
4832
46085
4945
16487
25702
20066
4884
11276
4938
2291
18784
46128
46114
15898
46105
4894
5589
46121
4901
4892
11277
38478
624
39832
18824
46096
3448
21013
35813
11274
46137
46090
7836
11281
18815
2322
4876
46144
46086
4859
46107
46088
2009
4881
46129
46084
10815
4878
20035
485
3545
4848
4902
46126
4863
4856
4826
18800
4939
46098
5609
4883
4831
46087
4961
4954
20049
4870
46150
4865
4932
2324
46103
5596
4830
4822
5603
22120
11280
46100
2241
18828
4885
46132
46091
4925
4814
4715
4703
46147
11282
26787
5595
