46363
4
46421
43138
46434
46365
46422
46376
46399
46439
46368
46360
46391
1767
46380
46440
46362
43130
43121
46411
46487
46379
46461
46397
46469
46454
1294
46367
46370
46406
46437
46373
46386
46485
46433
46477
43103
9030
43110
46395
46425
46389
46400
46458
2930
43124
46419
46482
46413
46405
46432
46456
46403
46427
46435
46438
46366
46381
46408
46390
46402
46409
43137
46497
4697
46453
46478
46446
4720
46385
46407
46374
46448
46378
46442
46431
46417
46377
46361
18891
46451
7666
46471
46500
46450
46392
46473
46414
