46379
0
7666
46380
46437
46454
46448
9030
43110
46467
46400
46482
46360
46485
46465
43103
46417
46478
46463
46427
46491
46435
46396
46369
46433
18891
43124
46444
46402
46401
46477
46499
46407
46368
46488
46414
46487
46365
4697
46366
46471
43594
46389
2930
46381
46377
46431
46461
46440
46409
46358
46423
46390
46399
46405
46373
46502
43138
46450
46469
46475
46378
46395
46429
46404
46406
46438
46436
46375
46419
46470
4720
46453
46476
46494
46386
46445
46425
46411
46486
46363
46473
46398
46428
1767
46439
46393
18907
46367
46392
43130
