46452
0
4339
46419
46401
43110
43594
46379
46402
46422
46365
46478
46390
43103
46407
46367
46460
46428
46473
46420
46363
46429
46384
4697
18907
46444
46434
46433
46435
46399
46366
9030
46396
46400
1767
46376
46432
43124
7666
46391
46450
46377
46383
46476
46392
46372
46471
46477
46388
46368
46404
46445
46417
46371
46453
46406
46470
46463
43137
46442
46421
46386
46427
43121
46397
46426
46373
46393
2930
1294
46431
46359
15457
4720
43138
46443
46360
46437
46454
46438
46464
46416
46458
46439
46375
46425
46456
46389
46405
46370
46414
46469
46381
46448
46380
46409
46395
46387
46461
46440
46446
46408
46369
18891
46488
