46470
0
46421
46432
46434
46478
46387
46369
46402
46469
46471
46406
46461
2930
46391
46411
46374
43130
46463
46483
4697
46368
46431
46393
46446
43124
43594
46453
46400
46380
43103
46445
46429
46399
7666
46407
46439
46425
46385
46444
46438
46371
46360
46370
46454
4720
46456
46443
46408
46403
46458
46386
46427
46364
46413
46367
18907
46390
46401
46392
46450
46409
9030
46417
1294
46395
46464
46361
46373
46414
43137
43110
46480
46376
46363
46415
46375
46437
43121
46366
46397
46428
18891
46420
1767
46419
46389
46433
46485
46362
46381
43138
46440
46476
46379
46442
46377
46365
46460
46405
46422
