4654
0
527
2243
4673
826
4717
499
4692
4700
4754
4662
4670
1369
4719
4674
4764
4694
3491
4699
454
855
2047
2009
4737
2230
3536
4687
2037
4671
4963
18093
2254
4846
2027
4823
18095
4930
4822
4903
4964
16789
4818
18091
3490
20047
11281
4829
4404
4871
4858
2953
20025
3525
20015
2023
4860
6278
2008
20005
5614
4904
430
18790
20014
2306
12833
20027
6320
4929
19289
2024
20069
20036
7459
4394
4848
20054
19312
20055
20033
20045
16790
20008
2337
20020
20046
3461
20028
2022
4859
6317
20010
20039
3319
7449
20061
20053
2301
22084
2038
12842
22133
22099
22101
22148
19948
22130
2255
22120
4935
22060
2012
17886
25680
25697
25691
4883
25707
25673
19305
25703
4429
19284
8110
594
25679
25720
19319
802
19257
4451
2229
2225
2260
3535
4412
26774
4464
26771
4363
26775
4938
10892
18799
30069
2068
19076
1382
18833
30079
4880
30063
30064
30086
26357
30434
16768
42028
30332
19966
30361
41965
6306
5677
26154
4927
42726
25010
42699
45976
30390
45968
16736
19954
43969
16788
30349
2107
19982
1721
46035
7644
45988
46023
45984
6252
1724
41051
18826
45491
47148
50434
36614
50390
27551
45512
50389
35456
27564
34084
1679
50572
46094
624
7650
4440
1619
57222
57246
57254
57245
33199
60781
17928
2110
60784
19294
6263
34150
463
60664
62373
62369
62378
636
62382
38459
608
7483
26891
71846
7426
23297
72909
