4680
0
4692
2927
4737
4653
4674
454
4679
3466
499
4703
4698
4675
2230
4662
506
4713
4716
1759
4715
2689
4667
2945
2322
4752
4766
2037
4694
4700
2009
3538
4693
4726
3491
1369
4687
4719
4677
4788
2904
4652
826
4721
3543
2324
3527
2047
2013
855
4728
4699
4746
4686
4655
4777
3497
4671
4764
2074
3471
4676
4659
4683
5825
6299
3490
6335
6312
6344
6315
6239
6286
6264
6263
6262
6274
6298
6303
6283
4858
2309
2900
6289
6348
6304
6252
6236
6237
6241
7309
7205
7208
7282
7284
7329
7292
7224
7276
7358
7324
7359
7221
7235
2988
7355
7675
7681
7707
7690
7716
7702
7732
7677
7673
7742
7666
7688
7650
7691
2302
7708
2225
2321
7660
7696
7715
7644
7776
7648
7670
1744
7713
7710
7720
7717
7678
7651
7661
7754
7643
7733
6638
7685
7703
7698
7669
7700
7701
7750
7728
504
8110
8047
5677
8053
594
8107
8034
7429
1840
2038
2997
10722
10709
3423
5360
12111
14572
14590
12989
14638
14588
7830
14613
876
14603
7417
14605
7452
14576
14624
13559
5603
16265
16335
16269
16309
16310
16232
16294
16360
16263
16303
16364
2328
16220
856
16223
16282
16331
16304
20195
20174
20206
2051
20198
2123
20299
3899
20389
22088
22085
22122
22091
22098
22101
22146
10786
22096
22087
4913
22095
4404
22130
22059
2241
22129
16839
22076
22074
22125
12842
22093
22084
22082
22108
22110
20044
22092
22058
22075
2252
4845
22079
22154
22089
22104
22135
22068
22127
20015
20045
22117
19948
22063
22100
18790
26767
2228
20011
2269
2219
2267
2300
2226
3473
4407
2216
2117
26775
2330
3336
3463
4374
26789
2260
5614
2229
26766
2936
10892
20456
9169
28259
28255
10750
28270
13613
28287
35802
5623
5610
35847
35796
18783
5630
18800
5608
35788
35798
19018
18795
4859
35828
35856
25255
4836
12944
4875
4844
35789
12508
18809
20072
35795
11275
5570
35804
4366
18797
2239
7411
3366
10882
37726
37718
31079
37706
2245
4450
37713
4433
4419
3357
37703
2263
2317
2298
37730
3332
40782
40814
26458
40794
40844
21318
1604
8170
12957
26023
40839
40749
40798
9956
40801
20032
40809
40813
41013
41072
3489
26553
41074
41022
41024
41017
41029
26165
41049
41032
41114
4940
41046
41044
41036
41104
41045
41053
43941
31738
18237
18801
38142
16768
43930
43913
41250
43927
43922
34083
19939
43921
41962
7395
43915
636
31518
10743
43916
34128
43914
7392
44400
44431
44363
44398
44384
8180
44463
44884
39275
7532
44894
7974
31128
19007
526
45771
45760
45777
461
45746
45745
45773
24954
3468
45765
45769
3516
48790
48798
48725
48795
48789
588
48801
48796
2069
24984
49852
49864
24471
49870
49853
49876
49877
49893
49867
49898
49899
49873
49846
49908
49869
49883
49912
49918
49924
49856
49862
49872
49857
19982
49858
49845
49929
49936
49914
49855
49854
49901
49933
49913
49910
49875
24469
49850
49888
49874
49880
49885
49920
49868
45103
49928
49923
49894
45696
49907
49848
20041
37577
2018
18808
25675
50570
38480
20069
50542
50573
50575
586
21312
25233
33262
15938
50568
41804
52140
52142
52132
8534
52172
52162
52124
52106
52125
52126
4052
52114
52122
28370
52091
52152
52130
52104
1423
5639
34156
43096
52178
26900
52150
1712
35404
52155
52123
41281
4376
13369
749
788
19717
52196
762
4056
26588
766
795
52211
17937
47631
19944
2960
7432
8262
20061
19962
556
52289
19949
53975
53976
54000
29481
54009
54012
53990
30093
54016
51508
18461
6693
13705
17918
13625
54540
54523
5596
54513
36874
22178
54557
54512
3346
6617
3311
56335
4394
56336
2240
3526
19979
36332
19954
2368
56339
2042
53193
54212
30386
12509
56347
13474
33429
11762
2944
4436
22354
37787
6629
4391
10911
24945
32946
60324
60322
60664
27794
45964
60700
1734
30053
60748
25679
20062
60794
17928
60796
21320
60781
43982
60789
19966
5644
5650
60788
2227
60920
31601
60919
36616
2244
19831
12524
24208
60923
60940
12862
60938
60918
41130
12511
60928
12513
2931
60925
2121
2271
60927
2060
1724
24219
61140
61138
4429
61139
31098
12510
19971
10763
66276
66282
66270
20059
24440
66266
2259
66295
39767
66267
20688
46106
66269
9017
21316
2320
26141
2082
44168
40465
4903
469
16801
44135
20021
40460
2986
16800
70103
24687
70106
2914
34792
4879
16806
