4683
0
4665
3511
485
1807
2049
4662
4689
4734
2246
3470
4669
520
4694
3497
4701
679
3471
4686
454
2013
4777
4692
2242
4693
1374
3469
1369
2074
3538
2904
2047
2927
4766
527
4752
2009
3466
3527
826
2037
4754
849
3536
540
4700
4658
506
3491
4672
850
4680
817
2297
1656
2291
4671
3549
4719
2324
2243
2124
4667
7441
7443
6663
2321
7429
1619
7459
7395
7396
7412
7493
861
7393
7454
2069
7505
7442
7453
2908
7455
7464
6302
7426
7486
7410
5644
3087
713
15882
7979
33210
26966
701
4063
7964
33258
33234
11762
33231
20941
1767
20052
7675
5677
7710
5638
3490
40179
40272
40175
40201
40260
14605
7698
26165
41015
41029
41063
31735
41020
8080
41017
41047
1115
41072
41023
9641
41022
41030
41061
25203
3489
26414
4940
4424
41096
216
41068
41071
41077
7867
41036
41075
41094
26553
48789
48790
1692
1578
2301
2241
2256
1768
19007
5762
2127
48791
3502
48784
3464
13010
31387
48808
50926
7650
51050
14081
2900
14577
14760
1764
3905
2987
10750
10939
4407
3516
19015
19010
6324
3535
3506
3518
3483
3534
2029
19023
