46997
0
9991
46998
46978
45165
22721
47036
9987
46988
47018
47002
47024
43470
46989
47004
9992
47001
46995
46976
21146
46979
47011
9990
45169
47005
47003
47010
46985
12444
47034
47028
46999
46982
43469
9988
22703
47026
31262
9985
22716
43460
22710
43457
47022
47015
46992
47013
46971
22705
45182
47021
47029
46973
46990
47009
46994
45174
46993
46991
10003
21145
22715
47025
46996
21178
47007
10001
22706
47017
47008
47038
22701
46986
43481
45158
46983
9999
31303
31261
10006
46977
4805
47000
46987
21150
72845
45183
61619
72851
72846
22711
34152
22709
72849
72847
803
72848
43459
45155
45166
9994
21162
