46994
0
46988
47020
45165
22716
16271
45168
22706
47007
46989
43457
46993
9991
46980
22715
43470
46986
47034
22721
47013
21178
10004
45182
46981
22705
46990
31262
46996
9990
47000
22710
9988
47031
46978
47037
46991
47008
10003
46997
46976
46992
22701
46995
46979
47005
47029
46977
45169
46973
47003
10001
47028
47042
9985
46983
47004
47015
47001
46998
46974
9999
46999
47024
47032
47036
47038
47009
47017
22703
43460
47006
46987
47027
10006
45174
47016
47018
47040
45158
47002
47021
47019
46985
46982
21150
47026
46975
43481
31303
21145
43469
47010
9992
47011
21146
31261
4805
46972
9987
47039
47022
12444
