4699
0
4700
2246
2049
485
4734
4667
4654
4692
4693
4715
2013
499
4658
4726
4749
4703
4719
4675
3527
4677
4689
3478
855
3507
3491
4670
2124
849
3511
3568
4705
2279
2322
2927
2904
4729
4383
4672
2242
826
4686
3497
4716
1656
4674
4764
1369
4687
3538
454
2047
4665
4683
4752
3471
679
2009
4728
2230
3469
4668
3536
4725
3470
4680
2037
3549
757
1759
817
3545
1374
4777
2689
520
41281
3531
3521
2301
3467
4414
60673
3482
4846
19982
60674
3473
20032
3464
60671
2127
30374
3502
33223
24954
21284
4390
20061
3534
3506
3526
12591
5677
60689
3535
528
3490
4384
5243
1724
26765
2026
41072
