47000
0
31262
47026
4805
47001
47002
47029
47007
46994
10003
45158
45174
47041
45182
47042
46977
46997
46991
47025
47014
46983
22706
47017
47008
46981
47015
21178
47013
46988
9988
9999
16271
9991
22705
46973
46978
45169
46987
47009
47021
47033
43470
10004
9992
47016
47031
9985
47011
46980
46996
46974
22703
47005
47034
47022
46989
12444
31303
22701
47035
47003
47027
43460
46979
43469
47037
46976
22715
46985
46986
10001
46992
9990
46982
9987
47024
47006
31261
47019
47028
21145
47036
47038
46998
43457
21150
47010
47032
46975
45165
46972
22716
46993
46995
22721
47018
46990
22710
21146
45989
61619
43477
61659
61618
61652
21136
43468
61623
21109
61644
61658
61667
45189
9996
61661
45184
61620
21194
61682
21070
22717
9995
61632
22724
61626
61621
61645
61664
31345
61636
61653
43463
61657
43459
22702
61638
61676
12922
16880
22704
61633
22728
45163
61678
61649
21162
9984
61628
61655
61642
61691
45155
9986
61627
61634
61625
61624
22711
10016
61680
61640
22709
72848
9994
34152
72847
72851
72850
45183
72846
72849
72845
