47148
0
18116
35446
47144
2254
27561
13632
39623
35429
27807
47150
19299
25710
39592
4912
45504
39594
20012
35463
27876
47165
35496
47143
4422
27568
39622
27565
35427
35439
4381
27551
47166
39574
47149
36619
47174
39612
39599
45508
45492
39590
39626
47132
4395
39585
47137
45497
10815
47156
4371
37495
4703
39595
39615
32195
47125
39571
30084
13644
47168
4437
13620
35424
45521
35430
6318
38480
50418
13567
50429
3336
50390
27560
50431
4902
27557
4363
4374
39602
4654
4885
27564
2241
3307
27567
30051
39801
4402
11839
26724
3395
11921
