472
2
464
527
430
540
596
526
2027
4719
4818
16790
16811
16754
4703
16832
3511
4417
2301
6324
3466
2074
16743
6244
16794
16742
16799
16763
2243
3469
6318
2013
3538
2157
2009
3490
16824
16800
16833
16739
16856
7491
16793
3471
16798
16772
16771
16782
16733
2067
16797
16812
3491
3507
2124
3545
19008
19024
3464
2230
4675
4666
19020
3497
3479
10815
787
6317
15164
2279
4369
20021
10341
4858
20044
20015
18790
18783
4903
3521
3319
20018
3336
2324
1374
2291
4935
4949
4672
22120
2246
4766
22131
4680
4696
2241
31123
26553
4879
10420
4701
9955
13626
19886
15750
4398
6258
13639
33514
33515
33497
13637
4664
40454
40453
40456
40466
9929
40455
6266
43982
43974
4407
7686
2914
6252
7646
43975
27972
43980
43994
43983
6238
43977
43970
43968
8044
7687
43969
3518
45762
39593
13609
49584
13635
13587
51630
3317
28205
27330
4669
44143
64999
65008
65000
65016
67621
27815
67624
67618
39839
13572
