47389
0
47390
47429
47445
47360
47424
47517
47518
47459
39022
39028
47410
47537
47435
47394
47453
47433
47365
29125
47415
47419
39044
3898
47413
47437
47480
47447
3966
20255
47495
47423
47446
47364
47491
47381
47483
47512
47540
47402
16461
47545
47501
47384
47412
47481
47406
47521
47369
19568
47386
47466
47396
1651
47363
47398
47542
47367
47409
47526
47503
39041
47387
37858
19545
47462
14467
38986
47374
38998
47452
8788
47361
47494
47399
47472
38886
47443
47420
47382
47505
47411
47359
47418
47450
47366
47362
47379
38996
47375
47439
47397
47370
38985
38992
47461
39047
47395
