47381
0
47375
47374
47512
47450
39025
47525
16461
12793
34631
47431
47392
47435
47373
47530
47365
47423
39044
47453
47369
47383
47412
39003
38998
47442
47408
47363
47429
47515
47420
47446
47360
47461
47476
47384
47452
47494
47416
39028
47436
37858
47474
47405
47459
47400
3898
47366
39005
39023
47513
47511
47519
47418
47465
39060
47409
47432
47377
47495
47440
47428
47403
47361
47372
47463
47368
47486
47382
47477
39047
47371
47496
39067
47456
47399
47386
36330
47527
47385
8788
47514
47451
19568
37846
47443
47457
38886
47421
47508
47390
47387
47362
47389
47460
47433
47498
47483
47396
47397
47531
47517
47410
47546
47422
47419
47458
39037
47470
47388
47500
38992
3966
47510
47391
47529
47524
47479
47411
47505
39022
47491
47434
47520
47445
47472
47493
47413
47394
39058
47475
38985
47471
47379
47364
47504
47535
1651
47532
47444
47376
47402
47522
38986
47404
39013
47370
47485
38996
47398
47448
47497
47501
47393
47426
47467
47464
47502
47536
47425
19545
47487
47466
47359
