47394
4
47384
47470
47362
47364
47360
8788
47446
47382
47401
47427
47423
47459
12814
47469
47441
39060
47442
47403
47416
47538
19545
47437
47422
47491
19568
47418
16461
47435
29125
47471
47399
47453
47410
47494
47370
47502
47440
47365
47415
47396
47513
47534
3898
39022
47512
47493
47518
38996
47377
47419
47450
38992
47514
39044
47390
47381
47481
47458
47375
47543
47409
47505
47511
47486
47540
47510
1651
47406
3966
47439
47485
47412
47521
47373
47393
47456
47387
47546
47389
47366
47490
47466
47504
