47391
0
47392
47451
47438
47519
47485
47496
38998
47442
39003
47420
47476
20255
47463
47377
47514
47475
47549
47382
47443
8788
47500
47550
47411
47525
47452
47410
47384
47428
39041
47388
47412
29125
39067
47548
47423
47374
47487
19568
47416
47522
47497
47464
47375
47431
47447
47466
47509
47376
47479
39005
47492
47537
47528
47470
47369
39052
47413
37846
47425
39023
39037
47450
47510
47372
47448
47491
36330
34631
47453
47523
47426
47531
38992
47436
47459
39044
47538
3898
38996
47461
47498
47385
47366
47381
47371
47361
47383
47504
47486
47493
47362
12814
47380
47379
47440
47408
47409
47456
47477
47445
47511
38886
47444
47402
47480
47499
47460
47430
37858
47520
47506
47489
47418
39022
47505
47387
47360
47474
39013
3966
47472
1651
