47406
0
39047
47453
47427
47411
47460
47512
47403
47412
47539
47389
39022
47521
39067
8788
47446
47474
47538
47466
47517
37858
47471
47514
47390
39005
1651
19568
12793
47360
47384
47490
47364
16461
47546
47442
47377
47415
19545
47418
47435
47394
47393
47385
47511
47472
3966
38886
47399
47398
47459
47370
47437
47444
47456
47457
47495
47386
47422
12814
47366
47372
38992
47387
47543
47505
47362
47425
47493
47450
38996
47382
47374
47485
39044
47378
47396
47381
47365
47534
47469
47510
47526
47449
47404
47513
47441
3898
47410
47424
47491
47419
