47407
0
47366
47469
47475
47362
47491
47485
39023
47420
47387
47493
47411
47403
39044
39067
14467
47521
47406
34631
47453
47514
47373
8788
47427
47540
39041
47418
47398
39052
47518
47505
47450
3966
47497
47517
47452
38996
47412
39025
47390
47490
47389
47511
47481
47496
47397
38886
16461
47437
47410
47461
47368
39022
47384
47392
47537
47365
47413
47381
47399
47378
47479
47419
47396
47486
47463
47446
47376
20255
47510
47425
47472
47449
47547
47459
47394
39060
47543
47360
3898
47401
38992
47415
39013
47385
47442
47466
47444
47456
47519
47423
47522
47471
47393
47538
47377
12814
47545
47474
47405
29125
1651
47435
47502
47361
47382
47482
