47437
0
47457
47410
47398
47397
47485
47539
47408
47510
47468
47546
47399
47365
38992
3898
47471
47505
47470
47493
47418
19545
47396
47486
3966
47466
47456
47390
16461
47450
12814
47521
47540
47449
47361
20255
47511
47401
47446
47362
47389
47543
47479
39044
39022
47406
39047
47386
47526
47409
47374
47518
47441
47481
47513
47364
47381
47376
47393
47420
47382
12793
47444
47419
47517
47459
47366
47514
47538
47360
8788
47405
47490
47453
47411
47423
47415
47421
47504
47547
47455
39013
29125
47482
47373
38886
47427
47502
47435
47461
47491
47384
47387
47442
47378
