47556
0
99
12373
12353
47577
85
140
80
35
139
47604
92
27782
47567
12356
50
12352
21
47590
77
47574
47594
12361
49996
49976
49995
68
50010
50005
50021
49963
49967
69
50043
930
50038
49985
50008
49950
50020
50016
27726
75
898
49947
49965
50032
50030
27736
46939
46614
7615
50004
49961
49956
49992
50067
18519
39971
49962
9
49953
4108
49980
25111
49981
49970
49993
34709
27615
50037
50056
49988
50054
50069
49977
46615
161
49949
50041
50063
49979
49954
50025
50070
50058
49955
39999
49986
129
50072
38
158
