47621
0
47622
47626
47700
47682
47638
47645
11172
47680
34442
47692
47642
47652
32352
47656
47640
47668
37818
47739
47633
2517
47698
47706
47685
10957
32335
32342
11025
47661
47679
47634
47728
47684
47711
47624
7830
47623
4007
47738
11199
47646
47732
47667
9432
47643
47704
47635
47687
47723
47662
47676
47663
10420
47678
4808
47620
27351
47649
47718
47695
47650
47725
8454
36087
9410
47689
22396
8540
47639
47710
14295
47675
1641
47625
8369
1651
11212
47657
8436
8500
47644
10893
47637
47677
732
32338
8449
14306
3898
47757
47654
47627
47707
