47649
0
11067
36087
47653
32335
47648
47683
3087
47629
47727
24004
1658
10963
47718
22396
47640
8449
47721
47699
34442
47359
47621
9432
14306
47667
47676
43949
47623
32338
47700
47643
47668
24243
14295
27351
47734
28687
8436
47680
11212
1651
47671
47669
47707
47736
47684
24122
32352
47665
47637
47652
47715
47646
47658
11025
47717
47622
10957
47679
47630
732
47651
47657
47624
47755
47740
47746
47627
47689
2517
6397
47656
47625
32297
47661
11199
47642
47725
47709
47751
47733
1641
47710
15610
47690
20252
9524
47705
3898
47724
47628
47693
47696
47636
47744
41923
47742
47743
11172
47659
16046
47697
17560
4007
47632
10893
47716
47619
47704
47732
47645
47752
47670
47726
