47650
0
47651
32342
1641
47668
47654
37818
47643
8436
47662
11172
47682
47698
47652
47705
47675
47683
47626
47635
47680
47622
8540
47660
47723
47678
47737
47681
47736
47692
47645
47719
8500
14298
7830
14295
6397
31786
47637
47714
47720
47655
47689
47661
47663
47728
47627
47730
47656
47738
9410
32335
47679
47707
47706
47710
47677
47640
47711
47722
47639
47739
14306
47691
32338
9432
47669
47713
8455
47646
47676
47642
47686
47633
27351
47732
4007
47700
47620
47685
47644
11212
11199
47638
47687
47634
47684
8369
