47687
0
47706
47652
47624
47717
4808
47681
47633
3087
47737
47680
47650
11067
47689
47668
47670
47634
47630
47685
11025
47683
5442
47710
47661
47738
47662
47657
47692
47642
11172
47711
14306
47684
28687
47732
47679
11199
47639
47715
47700
27351
47723
47635
1658
47622
47712
32352
47625
32338
47620
47718
47627
47623
10893
47675
24004
3898
41923
47678
22396
47727
14295
14298
47637
47704
732
47667
36087
47676
4007
47638
47646
9524
47645
47656
1651
47682
47644
8455
37818
9410
32335
9432
24243
11212
47728
32342
47626
