4814
0
4815
4869
4881
4871
4937
4900
4821
4854
4905
4841
4820
4855
4912
4822
4957
3525
4894
4933
4954
4831
4947
4829
4853
4833
4887
4896
4911
4846
4928
4901
4865
4849
2324
4383
4859
4903
2241
4857
4863
4715
4892
2291
4876
4828
4845
4868
2322
4953
4664
4870
4864
4860
4885
4907
4861
4886
4848
4703
4930
4893
4844
4904
4835
4938
4883
4925
4830
4878
4967
4832
4909
4902
4823
4842
9869
21013
46132
20049
5619
39800
20035
46096
25702
5576
46121
6318
46088
5596
16488
624
39832
46147
46089
5603
11286
46150
485
46083
10815
3448
4366
5623
46139
55535
3470
