4825
0
4826
4880
4892
4915
4885
4951
4851
4854
4931
4841
2324
3423
4827
2024
3521
4852
4967
4954
4961
4831
4864
4832
3525
4871
4835
4902
4894
4947
4703
4845
4830
4829
4833
4856
4881
4821
4870
2322
4848
4875
4842
4886
4824
4900
4925
4883
4828
4836
4860
4932
4849
4903
4857
4861
4884
2291
2241
4944
4895
4383
4822
4865
2012
4901
4938
4966
4878
4834
4863
4933
4876
4859
5595
5596
5679
5567
3434
5575
5652
5582
5602
5611
5580
5589
485
5583
5617
1369
5603
5635
499
5581
55786
55820
17420
2038
70324
3433
15929
11279
3461
55798
70347
17424
2306
11275
433
17396
70328
18815
