4829
0
4830
4850
3423
3395
4928
4897
4861
4889
4854
4864
4886
4835
4915
4822
4862
4863
4939
4876
4827
4848
4902
4980
4860
4868
4818
4869
4900
4853
4715
4844
4881
4934
4824
4857
4931
4885
4468
4828
4841
4383
4909
4933
4901
4411
4816
4823
4833
4831
4892
2241
4883
4887
4896
4880
2324
4904
4944
4667
4947
4903
4953
4814
4878
2291
4966
4884
4957
4664
4849
4920
4913
2322
3525
4845
4912
4826
4967
4932
4879
4842
4894
4859
4930
4945
4703
4925
4855
3448
18796
18815
4693
18799
18783
5603
4396
5610
18787
5623
4696
5602
430
624
5630
3463
18857
11287
11275
18795
18803
11281
5614
485
18808
9869
2306
20029
472
2013
6244
3461
3490
4654
3464
6318
20017
3336
2049
20049
20035
2023
4377
6278
16842
3319
2067
20009
20008
2008
16790
18090
20046
20047
3469
20044
1369
