48426
0
31917
1938
1574
13780
31915
43101
5195
13817
48398
48507
48403
5201
651
13782
703
696
3828
31911
1548
36327
674
48417
708
13781
48432
5206
48459
1554
48407
48404
32101
1522
722
48461
719
48414
48412
5227
13811
48444
48428
1545
39471
48467
48435
1450
3825
3813
1469
48448
729
728
24862
48421
5235
698
13793
720
5197
1546
13785
48486
5246
48443
31913
1471
48401
48424
48418
45850
48416
31934
5213
695
45786
23163
48470
13821
45851
710
48440
705
3815
12657
5241
690
48039
48456
2794
48408
5244
13833
48490
13847
48474
5217
1977
48458
1470
48399
3810
655
48445
677
666
48499
48397
654
48505
243
48472
5252
48423
1906
48504
13776
1547
727
7975
48406
48425
48422
48473
715
685
72195
72189
736
31927
72191
34326
699
1478
1564
1459
1992
13787
1533
54970
675
13834
33696
707
671
60532
13784
731
3844
72190
13820
32094
822
10926
72201
1915
706
1958
72187
72185
1870
23179
1519
691
72197
652
733
678
72230
702
