48444
0
48422
48471
13821
48489
48417
48462
5244
48479
48484
48398
729
1522
696
45850
48430
13781
48470
37353
728
1906
48457
13785
48435
1471
5241
727
648
690
5227
45786
710
48416
48402
13811
705
23163
48411
5224
48486
5217
48439
708
48458
3813
48409
48491
13793
13780
676
13782
48413
48480
722
31913
651
654
666
674
31911
13817
1545
1547
5235
698
48497
1469
13847
5252
48415
243
48451
5201
719
13833
48503
48408
48504
5195
36327
1574
48452
5246
48454
48401
48418
48397
48481
48406
48440
43101
3815
32101
45851
48519
5213
1548
31915
655
5197
