4844
0
4845
4855
4882
4906
4821
4881
4876
4912
4715
4900
4815
4826
4918
3542
4832
4930
4892
3525
4928
4722
4925
4822
4935
4703
4829
4963
4868
4911
4835
4903
4816
4913
4824
4886
4879
4860
4828
4907
4870
2024
2322
4964
4831
4896
4664
2241
4842
4864
849
4854
4904
4947
4915
4932
4848
3468
4878
4846
4818
4820
4823
4967
4883
4867
4814
4833
2012
4857
4880
4863
4944
4889
4948
4887
4841
4383
4850
4830
4902
4861
4923
4859
4869
2324
18095
18091
2027
18094
13595
18090
2254
18117
13635
4717
18098
11275
2981
4666
18105
5583
5580
3444
4694
499
5576
18800
35803
25203
15892
13632
14624
35830
5635
18783
18796
5603
11273
2306
35836
485
876
430
11279
21013
9869
11286
39832
46133
11281
38478
46089
25702
31597
22120
46139
10815
46129
46132
31595
46163
20049
39800
20035
3448
624
11287
6318
2255
543
16790
4696
49584
9886
2023
15164
4048
26913
13587
20017
16827
2250
2008
13609
13620
39602
47121
19272
50454
3336
39794
50448
19253
19271
39796
