4848
0
4870
4853
4903
4947
4830
3525
4949
4831
4823
4814
4902
4894
4880
4883
2324
4871
4817
4861
4967
4892
4945
4851
4868
4842
4820
4869
4915
2291
4912
4931
4885
4847
4887
2241
4966
4914
4952
4956
4828
4835
4822
4957
4860
4833
4907
4846
4881
4938
4703
4937
4886
4832
4933
4829
4922
4928
4901
4925
4920
4715
4878
4826
4844
4849
4876
4900
4821
4825
4865
4919
4857
2322
4841
4879
4864
4944
4854
4863
11281
20049
4693
20013
3545
430
11275
20020
17885
3448
20029
20035
6318
18812
5623
20030
5603
20008
20009
4654
16488
10815
39800
5595
11280
46089
15898
46088
5609
46153
25702
46147
11276
46083
21013
38478
46085
485
46103
46101
39832
5630
46132
46107
11286
