4865
1
4897
4835
4937
4852
4827
4870
4859
4383
4880
4864
4933
4814
4896
4928
4878
4886
4925
4823
4842
4858
4849
4869
4715
4939
4826
4954
2322
4860
4854
4863
4894
4901
4947
4834
4822
4861
4887
4831
4830
4848
4976
4883
4961
2024
4908
4881
4938
4703
4821
4825
4817
4922
4871
4892
4915
4868
4841
4885
4909
4951
4876
2291
4856
21013
46121
46113
26787
46128
20066
18828
46088
485
46085
46087
6318
46127
35813
46101
9869
46111
46132
3545
5596
46147
46133
11281
20049
46150
11277
18815
18813
5609
46117
46099
624
11282
46107
7836
4693
35786
46105
5595
25702
46083
46091
