4870
0
4872
3521
4701
4887
4821
4959
4913
4833
4888
4876
4932
4953
4841
4814
4868
4846
4885
4897
4912
4857
4831
4861
4889
4856
4830
4886
4904
4873
4858
4822
4832
4855
2241
4875
4864
4844
4877
2024
4899
4869
4820
4819
4722
4951
4871
4896
4947
4894
4970
4905
4938
4967
4881
4845
4933
4880
4883
4925
4848
4843
4860
3549
4715
4703
4918
4829
2324
4826
4865
4902
4383
16772
16777
16799
3490
16734
2301
2023
2074
6318
16842
2108
3537
1414
2996
2243
16736
16760
540
2027
16802
526
16753
16766
16827
16776
3511
16788
16739
16801
6244
16773
3469
16737
3538
3466
2013
16800
3527
16787
16781
16793
2067
3471
16752
2009
39796
2038
2254
6246
19305
4374
19254
2124
19256
5821
39798
25674
4668
19284
3470
39806
39800
39807
10815
39805
13674
3478
2279
39832
20030
454
19311
3502
5619
46090
11281
46147
18796
46144
3473
46132
46091
624
20049
46089
20035
9869
3448
46121
25702
4764
5610
3535
5567
11277
46127
21013
9886
4721
26913
4377
543
3462
49576
2255
41261
40450
4048
3482
3548
3497
24954
3518
4698
20032
3516
521
3467
2242
3483
3513
3506
464
6312
3528
3485
4675
60781
20005
2110
60788
4384
19987
463
6262
3484
6254
3554
3512
60891
40465
28217
27564
22122
40455
40458
27815
20021
6298
24469
68916
11807
19948
69387
518
6328
31124
20069
72258
74282
27407
74288
596
2093
44145
3492
3519
