4871
0
4932
4947
4885
4844
4834
4715
4831
4817
4848
4929
4880
4912
4823
4894
4829
2324
3423
4900
4857
4858
4842
4928
4861
4852
4814
4883
4951
4878
4887
4945
4903
2241
4909
4886
4667
4953
4892
4864
4830
4865
4703
4822
4897
4826
4896
4895
4933
4835
4845
4841
4901
4935
4876
4925
4722
4881
4860
4879
4899
4967
4938
2322
4868
4954
4824
4949
4884
4849
4859
4869
4870
4902
4654
5623
20009
4693
20049
16842
20020
2008
19332
3461
15920
875
20008
5603
2301
19289
11275
11282
20036
18783
3448
20035
430
2049
2009
6244
18090
20021
2013
20037
4696
49576
9886
2074
7429
25702
49575
4048
