4876
0
4828
4864
4880
4869
4934
4821
4955
4857
4885
4849
4908
4848
4881
4953
4817
4853
4938
4907
4863
4835
4831
4870
4865
4884
4847
4861
4952
4715
4845
4954
4822
4928
4703
4887
2241
4925
4902
4892
4900
4832
4937
4816
4841
4833
4826
4844
4967
4912
4920
4883
4903
4820
4854
4855
4814
4886
4874
4947
4894
4944
4823
4383
2324
4856
4946
4829
4830
4860
4932
4842
11281
5596
46144
9869
46132
46096
11273
25702
46103
20049
624
4366
39800
20066
4693
3448
6318
20035
26787
21013
46107
46088
46126
10815
39832
46087
46121
4717
46089
46090
38478
