4885
6
4892
4851
4841
4967
4938
4871
4861
4703
4947
4830
4887
4912
4863
4857
4883
4903
4831
4930
4860
4879
4848
4902
4925
4854
4878
4960
4900
4870
2241
4835
4842
4954
4864
4814
4829
13595
13695
13638
13610
13587
3336
13650
6318
13612
13670
13569
10815
13644
13671
13636
13704
13678
13656
13657
16776
16842
3471
526
2301
16777
2009
9869
485
39832
21013
46147
20049
31595
46132
39800
16488
26724
25681
50437
1658
18122
22108
20031
2254
20030
11839
25674
20017
19299
58181
19256
19292
65624
58185
65609
58157
65623
19252
19895
45755
39820
39799
27431
27429
45765
58175
49155
