48873
6
18694
31355
41181
48868
48860
48838
41166
48825
3636
3614
48849
37993
48822
48885
48834
48858
3621
33246
41187
48863
48817
48853
38031
48843
48818
38047
48854
48912
21562
38002
3635
3643
1837
48864
48879
48855
31366
1754
48851
31364
48837
6719
56535
56559
25723
46699
7974
56567
3667
56565
56587
10229
41157
3631
3677
56586
56564
56597
21603
56551
56570
38026
11616
3634
3625
1701
3658
21611
56550
3637
46691
4725
31387
1815
41204
3898
56531
3660
3642
12079
21685
18742
41195
43069
1784
31394
56563
3673
46690
21708
41163
56582
3620
46692
3655
40320
26533
1327
21883
19181
1752
18129
31372
3619
21569
56598
21690
1688
24412
56585
56547
3624
3659
37999
3880
31354
46701
21743
11659
66842
6825
4582
713
41179
66880
41185
66881
41171
41898
6755
41211
12671
42832
41189
66896
701
22235
