4894
0
4895
4834
4876
4954
4957
4887
4821
4912
4871
2324
4901
4878
4860
4925
4842
4858
4951
4846
4863
4822
4833
4814
4817
4937
4870
4829
4828
4861
4909
4881
2291
4827
4835
4922
4855
4824
4915
4892
4869
4864
4971
2322
4715
4928
4933
4856
4967
4848
4961
4859
4910
4939
4938
4865
4841
4880
4830
4902
4919
4920
4942
4897
4900
4868
4886
4854
5603
11276
11277
11279
11274
11281
20013
20066
2023
3448
20007
20035
20027
18812
19289
18796
20037
18783
20049
20008
20036
25702
22120
25729
9869
4696
46091
39800
46088
46090
5619
46096
46128
46105
5792
46150
38470
46083
46144
5567
26787
624
46147
18828
21013
5832
46103
46101
46085
46127
46121
5609
46107
39832
46089
46132
15916
60581
