48968
0
3873
10898
10916
10938
10910
48969
3891
3918
3929
1347
3391
2996
3897
3972
3872
3920
10896
20884
3944
3877
2969
2689
3904
10870
4658
7966
9044
3932
3911
32905
3895
30330
49002
834
3946
48988
3983
48972
3931
48971
3896
48976
3953
3933
20903
3394
2286
48974
2108
9641
3884
14601
30933
6746
3912
3903
14206
3926
49000
3883
34182
3882
3880
3980
20889
2987
3915
1764
1142
713
6624
40665
9084
7953
12785
17131
10878
4728
9022
63226
2908
3947
3936
8982
60174
10958
64516
47113
848
34591
20738
30329
43305
64497
35883
64467
10901
14590
28649
30915
3906
7957
64478
