491
0
584
495
496
490
623
3934
3880
3914
4013
3913
3924
3875
3945
3949
3964
3923
713
3877
3496
3907
3898
3957
3879
3905
3974
1187
10157
10149
4524
4483
39181
5298
39184
39179
39198
5332
39869
7404
8931
7953
12804
14206
24331
6008
10918
7966
11620
11641
41841
13518
14395
41876
9893
41901
41958
12854
30304
24326
26044
24076
46301
4776
35883
4545
24062
15217
12810
18080
5316
2923
30247
6624
12665
40590
4578
24382
29125
10737
59452
16461
6221
1820
16464
5359
51327
61902
8991
18897
1578
53025
49646
67381
67373
58394
49658
53118
53051
35051
49715
67370
26535
67427
67425
49702
53009
67423
49641
49679
26511
67546
67524
62840
49634
53116
67583
67608
14728
67544
49633
49683
67551
49762
49606
67530
67547
67522
22280
5363
28649
6356
14799
14710
