49342
0
49335
49309
49273
49242
49285
49344
49365
49280
49287
49310
49302
49371
49254
53754
55693
55656
34425
55616
55636
55718
55705
55646
55686
55660
55700
47701
55651
55659
55712
32610
36998
55692
55679
55730
55735
55736
55711
55617
55739
37023
55641
55642
15011
55764
55645
55629
55618
55751
41838
55703
55674
55654
55644
55638
41084
6405
55682
55673
55683
55623
55694
24122
55634
55741
55744
55627
47708
55770
55669
55733
55761
22798
55643
55614
55647
55713
14727
4806
41885
55628
55706
55639
55622
55702
39433
