49386
4
49387
49392
49388
19348
49393
49395
49391
49433
13565
49505
49508
49385
49425
13718
49514
13648
49445
49442
49476
49499
49415
49399
49482
49471
49404
49446
49439
49473
4879
49428
33504
49503
13573
7979
49431
13574
49400
24792
49427
49382
49462
49490
49438
49397
49477
49463
24683
49440
49452
49470
49430
49419
49435
49451
13635
45528
49453
49410
49525
49529
49389
49414
49396
49495
49398
10815
49418
49426
13617
49454
13572
49443
12597
49450
19322
4483
24710
49458
49500
49406
49408
49459
49520
49467
49383
49401
49424
49465
19282
49394
73190
50470
4666
430
4664
57499
39803
45495
24695
13666
4656
13595
73186
45516
