49578
0
2067
4822
4717
4696
430
4388
2255
4402
4383
2243
13595
4715
4377
3462
3469
4912
92
2280
2124
2217
13609
3536
4664
2013
30051
2012
2049
4764
4703
4368
4366
4440
19299
50448
47121
3395
50397
39600
27565
45497
39794
35424
39571
4363
37495
50409
50398
2254
4395
50426
50442
39582
4389
4885
19276
47122
3307
19272
4896
4904
50418
25674
39581
2241
1658
11921
27557
50416
50393
27551
13567
50424
50401
6318
27567
27560
4879
50431
4422
11839
50408
50390
50396
10815
50406
4412
19300
27550
2062
19271
39602
50461
26724
39824
3336
39801
50430
36614
4374
45504
39577
