49599
0
49670
49633
49612
49638
49684
581
49695
49639
49757
49745
49718
49628
49623
49620
49629
22386
49722
49643
49637
49752
49742
49627
49675
49691
49601
49681
49657
49622
46301
49733
49667
49656
49672
49652
49600
49606
49614
49668
49731
49688
49702
49717
49699
49659
49732
49608
49663
49689
22280
49715
49662
49700
49719
49764
49739
14805
49708
49726
49651
49647
49641
49727
49609
49692
49625
49749
20454
49676
49604
49619
49751
49671
49674
49617
49725
49753
49618
49703
49603
584
49740
49683
49673
49679
49646
49705
49669
49712
49602
49721
49765
49605
49624
37620
49650
49630
49710
49762
49682
49598
49707
20447
49658
49706
49724
49660
49693
49665
49610
49730
49634
5363
