49608
0
49658
49678
49653
14728
49693
49739
49625
49710
49706
49627
49669
49655
49615
49700
49707
49732
49664
49743
49630
49729
49667
49599
49661
49721
49713
49629
37620
49600
49639
49666
581
49709
49635
49643
49676
49626
49764
49758
49659
49682
49619
49696
49672
49725
49751
49680
49698
49728
49602
49641
49687
49612
49613
49735
49649
49681
49598
49718
20447
49652
49745
49609
49705
49702
49750
49616
49632
49607
49724
49686
49618
49733
49603
49697
49656
49719
49662
49692
49723
49726
49742
49727
49715
49701
49650
49694
49717
49703
49657
49674
49651
49665
49759
49620
49684
49668
49691
49648
49628
49638
49646
49663
49631
49673
49617
49634
49749
49689
49633
53131
17086
53208
21926
53150
53196
53121
53119
53163
6342
20484
53124
53167
53164
53149
53177
53172
53130
53116
53218
53192
