49628
0
49629
49633
49612
49660
49624
49620
49663
49674
49606
49685
49706
49619
49647
49710
49700
581
49613
49668
49692
49715
49656
49697
49669
49618
49599
49622
49634
49742
49648
49722
49709
49651
49705
49712
49675
49643
49627
49600
49740
49614
49744
49703
49747
49625
49655
46301
49679
49750
49707
49714
49689
49598
49701
49659
49617
20454
49729
49681
22386
49608
49691
49664
49611
49657
49671
49743
37620
49602
5363
49635
20447
49639
49699
49719
49684
49725
49610
49609
49717
49745
49658
49665
49698
49730
49666
49683
49652
49754
49731
49765
49736
49662
49693
67492
53132
67504
41958
67490
67500
67482
67569
67512
67502
67524
67489
67491
67483
67555
67476
491
67527
67501
67519
67496
35051
53160
67538
67556
67529
67570
67477
53131
67487
67560
67518
53166
53218
67565
67480
