49637
0
49710
49689
49613
49678
49707
49646
20447
20454
49693
49676
49743
49725
49645
49708
49688
46301
49763
49609
49735
49599
49687
49702
49657
49764
49722
49727
49671
49733
49674
49684
49739
37620
49627
49662
49762
22386
49726
49758
49598
4483
49641
49652
49695
49668
49732
49634
49701
49605
49690
49638
49631
49658
49715
49603
49642
49749
49607
49602
49728
49639
49721
49729
49673
49622
49612
49663
49700
49719
49616
49706
53060
52993
53009
35883
40572
53059
22938
6755
40623
53001
22249
53055
18080
40609
52999
34283
40595
8378
8991
30532
8386
30833
12773
3967
26535
52992
30527
12786
53003
67382
67415
67376
67388
67402
67373
67423
67416
67379
67386
67381
58394
67440
67424
67384
67370
67407
67466
67442
67429
35051
67418
67448
491
22570
67392
30571
67419
67411
67393
67436
67385
67380
67387
67390
67426
53118
67389
67397
21961
67434
67403
67377
11641
54800
67375
