49634
0
49635
49619
49670
49699
49628
22386
49722
49601
49725
49739
49625
49742
49641
49640
49740
49724
49674
49707
49639
49621
49651
5363
49683
22280
49686
49759
49743
49638
49689
49727
49729
49693
49648
49606
49629
49608
49610
49721
49748
49679
49600
49622
4483
49605
49697
49733
49653
49719
49688
49658
46301
37620
49671
49698
14805
49695
49646
49659
49708
49735
49681
49668
49637
49660
49710
49703
20454
49714
20447
49618
49642
49711
49718
49752
49730
49687
49706
49702
49615
626
49665
581
49654
49745
49709
49650
49757
49664
49632
49663
14728
49716
49644
584
49731
49633
49645
49675
49613
49672
49756
49701
49692
49762
49691
49700
49715
49677
53149
53115
36204
7745
53190
53147
53125
53118
53174
53191
53213
53195
53134
53171
53154
53182
30817
1750
53139
53143
53201
53158
3934
53123
17086
53114
53126
53217
53117
53178
40615
53138
13690
12671
53145
13108
12965
53026
53210
53135
21926
40590
53133
53192
53116
38903
53197
6342
53194
53169
35883
11669
67545
67516
67524
67508
67546
67521
67573
67583
491
67500
67494
62840
67509
67476
41958
67535
67547
67518
67497
67506
67556
35051
67557
67533
67578
67572
67522
9397
10918
8107
4063
3880
3936
12120
7966
6008
51197
30745
