49641
0
49642
49688
49615
49620
49663
49610
49703
49614
49646
5363
20454
49608
49702
49729
49679
49722
49637
49725
49753
49659
49744
49693
49599
49762
49683
49710
49670
49671
49606
49751
49673
49758
49607
49730
46301
49677
49733
49764
49668
49739
49700
49629
49632
49603
49711
49624
49723
49735
49727
49741
49699
49633
49701
20447
49694
49689
49728
37620
14805
49696
49622
49745
49658
49600
49643
49752
49719
49684
49690
49652
49625
14728
49650
49716
49638
49698
49759
49657
49708
49639
22386
49674
49757
49601
49706
626
49676
49704
49651
49749
49609
49645
49631
49634
49715
49742
49680
67381
67373
54774
67371
53051
54800
67403
58394
67390
67440
491
67388
67444
67428
67397
60275
53025
67417
21961
53009
53118
67376
67370
67384
35051
67391
30532
67379
67425
67423
67375
67382
67386
67436
67426
26535
18080
53131
67503
67480
67535
53166
67569
67530
67492
67479
67532
67573
67583
53116
67522
67524
