49651
0
49652
49679
49709
49608
49604
49666
49740
49618
49764
49693
49610
49717
49633
49727
49648
49639
49723
49713
49634
49708
49682
49716
49699
49607
49700
49714
49706
49675
49667
49742
584
49628
49756
49612
49683
49689
49644
49674
49673
49606
581
14728
49621
49752
49641
49736
49750
49646
49656
49671
49600
49722
49658
5363
49745
49622
49765
49715
49688
49707
49701
49654
49598
49609
49643
49625
22280
49663
49645
49702
20447
22386
49681
49733
49662
49617
49650
49703
49659
49739
49605
49695
49613
49601
49599
49730
49640
20454
49721
37620
49629
46301
49710
49661
49665
