49659
0
49656
49682
49605
49633
49629
49668
49690
49707
49652
49674
49716
49740
49621
49608
49663
49695
49632
49610
49743
49651
49667
49601
49609
49714
49600
49750
49654
49646
49729
49709
626
49671
49721
49744
49706
22386
49634
49645
49676
49641
49655
20454
49764
49602
49683
49681
49658
49727
49733
49705
49622
49662
49660
49625
49698
49708
49699
49693
49599
49700
49749
49692
49689
49613
49703
22280
49628
49701
49752
49643
581
14728
49598
49702
46301
49745
49765
5363
49675
37620
49612
49673
49739
49715
49735
49679
49665
17086
53122
53157
13690
53135
53117
21926
53139
53192
40590
53194
53138
53166
53219
53115
53147
35883
53129
53118
53169
53123
53026
