49652
0
49607
49725
49624
14728
49612
49602
49658
49610
20447
49709
49641
49638
581
49669
49724
49751
49640
49608
49670
49685
20454
49653
49625
49603
49742
49600
49699
14805
49633
49660
49606
49715
49609
49672
49663
49631
49599
49598
49693
49702
49692
49689
49629
49745
49620
49759
49622
49716
49683
37620
49651
49710
584
49705
49623
49763
49617
49714
49637
49671
49657
49665
49717
46301
49635
49688
49601
49656
49703
49681
49628
49655
22386
49639
49614
49684
49662
49721
49659
49712
49708
49701
49686
49696
49730
49682
49618
49630
49691
626
49744
49752
49666
49613
49674
49678
49619
49733
49707
49646
49740
49722
49719
58387
5316
53113
58388
6342
26511
53129
17490
58386
58394
58391
