49683
0
49656
49633
49707
49628
49632
49619
49612
49754
49643
49641
49716
49744
46301
49702
49691
49658
49627
49700
49705
49739
581
49638
49709
49646
49730
49668
49598
49681
49659
49695
49692
49599
49606
49602
49693
49655
49662
49666
49642
49639
49631
49708
49625
49618
49605
49671
20447
49698
49719
49610
49649
49727
49621
49689
49721
20454
49713
49660
49706
49667
49718
49604
49651
49686
37620
49629
49644
49674
49699
49635
49600
49687
49652
49765
49740
49729
49654
49714
49745
49752
49622
49609
49661
49682
49613
49601
49712
49645
49715
49742
22386
49634
49617
49665
49663
49614
14728
53113
53175
53026
53132
53197
53129
53117
53123
53122
53194
53203
53218
53141
53114
53139
53130
53121
53120
53232
53149
53196
53131
46298
53147
53213
53166
53183
53115
3934
53154
17086
53191
53167
53153
38903
67485
67530
67518
67571
62840
67569
67519
67504
67506
35051
41958
67524
67496
67547
67483
67497
67507
67565
67494
67480
491
67535
67522
67532
67491
67490
67545
