49698
0
49673
49643
49665
49750
49697
49701
49662
49613
49712
49747
22386
49681
49671
49707
49632
49641
49704
581
49753
49664
49723
49689
49715
49694
49622
49639
49625
49634
49631
49685
49680
49629
49682
49620
49610
49745
49614
49623
49699
49598
49660
49668
49658
49684
49703
49719
49755
49649
49611
37620
49758
49630
49616
49644
49743
49693
49722
49691
49709
49600
49628
49617
49657
49706
49653
49604
49710
49636
49729
49640
49716
49648
49713
49677
49742
49718
49683
49702
20447
49618
49751
49615
49603
49740
49686
49609
49705
49655
49635
49714
49728
49764
49602
49688
14805
49627
49663
49741
49624
49607
49626
49647
49676
49725
49727
49674
49659
49666
49692
49726
49619
49608
49744
626
49612
49670
67481
67520
67483
67491
67523
67482
67505
53132
67532
67529
67565
53116
67559
67502
67538
67498
67487
67527
67533
67480
67531
67514
67536
53131
67486
67503
67573
67490
21914
67477
67570
67567
67496
67556
67500
67512
67497
67555
67569
67575
67479
67476
35051
67507
67504
67544
53160
53150
67506
53218
67501
67489
67492
67519
67518
67543
67571
67577
67528
67493
67488
67540
