49709
0
49681
49604
49661
49722
49629
37620
49655
49644
49651
49749
49688
49736
49621
49710
49626
49705
49727
22386
49610
49730
49664
49609
49671
49618
49679
49719
49643
49668
49662
49740
49624
49639
49745
49633
581
49707
49756
49698
49623
49744
49669
49666
14728
49665
49724
49764
49658
49750
49652
49725
49612
49659
49656
49625
49729
49716
49731
49697
49667
49608
49689
49712
49636
49660
49674
49630
49755
49675
49635
49622
49687
49714
49605
49765
49654
49691
49715
20447
49613
49682
49695
49747
49600
49743
5363
49692
49619
49683
49706
49628
49638
49693
49703
49752
49645
