49707
0
49730
49637
49660
49635
49665
49731
49599
49652
49648
49685
49684
49650
49629
49704
49606
49608
49626
49683
49651
49639
49609
49659
49752
49666
49715
49701
49717
49741
20454
49622
49747
49642
49602
49746
49610
49740
626
49719
49647
49727
49655
49630
49691
49674
49698
49620
49614
49681
14728
49673
49604
49668
49724
49705
22280
49709
14805
49749
49706
49631
37620
49618
20447
49607
49671
49679
49759
49603
49693
49624
49721
49613
49664
49633
581
49692
49663
49634
49598
49623
49702
49619
49672
49745
49726
49689
49656
49710
49627
49628
49617
22386
49600
17086
40590
53194
5320
55585
