49706
4
49602
49707
49728
49611
49712
49641
49600
49619
49695
49606
49667
49663
49764
49757
49653
49645
49688
49693
49625
49715
49727
49656
49605
49654
49745
49759
49686
49710
49744
49683
49765
49677
49634
49626
49748
49724
49620
49684
49624
49665
49730
49652
49610
49753
14805
49689
49672
49704
49631
49676
49649
49614
49622
49618
49709
49680
49673
49598
20454
49629
584
49713
49700
49718
49599
49639
49632
49742
49623
49719
49750
49621
49638
5363
49725
49705
49603
49714
49702
49749
49679
14728
49617
49752
49651
49608
49612
49682
49692
49650
49675
49646
49659
49731
581
49671
49703
49660
49747
49739
49668
49627
49699
49643
49716
49609
20447
49735
49601
49681
49664
49701
49666
49613
49694
46301
49628
49669
49658
49685
49655
49698
49670
49604
49607
49637
49642
49661
49691
37620
49708
49722
49633
49647
22386
49756
49740
49674
49662
49721
