49701
0
49608
49724
49757
49633
49630
49729
49620
49753
49700
49641
49689
49612
49607
49742
49677
49678
49723
49719
49707
49688
49668
49687
49609
20447
49702
49611
49699
49732
49636
49676
49635
49628
49704
49698
22386
49632
14805
49671
49659
49722
49627
49759
49735
49764
49649
49749
49695
49694
49650
49684
49739
49646
49710
49601
49657
49637
49606
49605
49615
37620
46301
49681
49730
49693
49728
49674
49652
49621
49658
5363
49619
49603
49662
49631
49602
49670
49711
14728
49629
49714
49634
49616
49706
49680
49720
49721
49638
49639
49752
49715
49673
49744
49663
49651
22280
49640
49600
49725
20454
67373
35051
54774
67444
67409
67390
58394
67384
67370
67411
67397
21961
67381
67415
67426
54800
67423
67375
67377
67382
67376
67391
67386
67425
67374
67404
60275
22570
3880
67379
67388
67438
18080
