49727
0
49630
49693
49650
49701
49687
20447
49598
49753
49644
49763
49735
49717
49616
49698
49710
49728
49612
49603
49636
49725
49721
49617
49624
49733
49676
49674
49635
49749
49602
49686
49705
49673
49722
49743
49604
49754
49713
49641
49620
49619
49706
49671
49611
49613
49662
49715
49750
49689
49609
49680
49665
49702
49764
581
20454
46301
49599
49739
49719
49709
49663
49608
49659
49649
49607
49627
49645
49724
49688
49707
49668
49651
49600
49639
49629
37620
49699
49759
49694
49681
49657
49691
49684
49683
49755
49729
5363
49642
49730
49718
49637
49751
49696
49658
49631
49758
49704
49638
49634
67411
67386
67388
67409
54800
52720
67371
67404
30532
67372
67434
58394
67422
53009
67384
67390
67382
67417
67454
67431
53164
67415
67405
67423
67379
67438
67394
67375
67376
67444
35051
67383
60275
67424
67391
67418
67381
67377
67442
67429
67449
67374
21961
67370
67436
