49733
0
49666
49673
49691
49759
49725
49702
49711
49693
49636
49716
49651
49688
49606
49607
49641
49710
49642
49721
49700
49682
49608
49659
49634
49652
49637
49718
49727
49695
49722
49715
37620
49676
49678
49617
49704
49708
49752
49650
49658
49638
49696
49601
49685
626
49660
49671
49719
49714
49703
14728
49623
49633
5363
49599
49689
49672
49739
67407
67370
67428
67423
67403
67386
67373
58394
67440
67384
67388
67379
67415
67426
67436
67389
35051
67404
67381
67397
67390
67371
54800
67434
67417
30544
