49745
0
49730
49674
49611
14728
49626
20454
49610
49651
49613
49644
49633
49714
49652
49685
49708
49628
49707
49715
49620
22386
49665
49599
49697
49693
49661
49606
49698
49634
5363
49621
49618
49695
49600
49608
49645
49706
581
49654
626
49689
49718
49687
49629
49660
49702
49605
49627
49679
49750
49671
49722
49726
49666
49743
49670
22280
49643
49709
49683
49656
49653
49659
49601
49612
49622
49602
49756
49752
49635
49640
49646
49740
49617
49684
49681
49650
49609
49604
49616
49688
49716
49623
49641
37620
49703
