49752
0
49655
49693
49654
20454
49688
14805
49692
49709
626
49606
49629
49757
49633
49600
49731
49664
581
49700
49610
49634
49715
49708
584
49742
49763
49762
49643
49599
49641
49638
49683
49647
49624
49674
49729
49744
49706
14728
49767
49722
49663
49645
49740
49682
49730
49701
5363
49702
49672
49745
49671
37620
49640
49747
49662
49659
49699
49670
46301
49733
22386
49652
49604
49689
49651
49646
49725
49714
49710
49601
49605
49676
49665
49735
49726
41871
51418
51444
53218
53168
30817
53227
53135
53150
53131
53154
53026
53149
13690
53145
53194
53114
53192
53162
21926
53180
53196
40590
53175
53166
53118
53132
35883
53116
34348
53169
53139
53121
53138
53213
6342
53172
53122
53191
53197
53158
53134
17086
38903
40615
53117
36204
