49753
0
49630
49758
49642
49694
49684
49646
49676
49619
49718
49673
49649
49721
49607
49602
49658
49724
49598
49635
49615
49663
49732
49641
49617
49626
49715
49701
49717
49728
49750
49677
49627
49629
581
49631
49749
49638
49662
49650
49639
49706
46301
49681
49702
49599
49603
49703
49722
49674
49656
49725
49632
49668
49698
49729
49704
49710
49727
49719
53164
67407
67379
18080
67381
67409
53009
52993
67374
67377
67415
67419
67442
21961
67423
67380
67434
67375
67454
67429
67383
67411
67397
54800
67376
30554
67371
35051
