505
6
506
527
456
520
454
7456
7414
2908
7475
7439
7458
7442
7436
6663
7483
7440
7400
7392
4677
5644
7433
7480
7407
7454
7403
1619
7408
7430
7443
2904
2309
7425
7410
4700
7429
7417
1721
7426
7488
7398
7451
7391
7444
7471
7449
7506
7493
7455
2945
7395
7428
7401
7437
2014
7420
2037
7445
7469
7501
7422
2049
2324
7700
7706
7686
3880
7727
2225
7678
7719
817
7696
7668
7666
7733
7717
2927
7736
7646
7659
7683
4680
7690
3491
7679
1744
7702
7653
7324
7710
7647
7694
4694
7669
7695
1807
7749
6702
7664
3999
7687
7672
7677
6304
5762
7723
7642
4777
7654
7658
2145
2291
4674
7670
4766
7739
6303
4714
7661
1029
826
24469
10743
6259
26945
6255
26912
26955
26900
2960
6315
2029
9169
19982
4404
6286
11711
1336
7867
6688
10810
43380
10803
10791
10790
2997
9141
43411
4431
31846
26330
55375
31263
55435
55368
10772
43924
34102
4407
1724
55437
55405
1824
20941
45691
27972
27962
71839
66046
19941
71836
3490
71847
71819
2914
71818
66054
71805
1738
71835
1821
4394
30126
2934
1834
71814
10763
31601
71854
20062
27959
45717
71816
71845
45997
12520
4429
45704
24397
46004
1028
71829
71817
71840
