51
0
52
30
127
37
94
111
33
1
28
99
88
14
13
72
96
63
97
157
161
77
48
90
25
60
36
8
74
56
75
95
43
5
93
57
82
31
59
168
129
101
41
92
117
80
78
38
132
9
137
116
139
40
155
123
84
158
89
87
171
42
86
144
18
24
135
85
153
46
71
58
64
131
17
128
39
160
7
138
4
68
162
107
109
114
98
79
134
108
112
26
69
146
140
173
6900
5170
12701
7607
6541
11956
11975
894
5058
35138
9636
4198
35141
4205
22461
1303
35137
18485
35232
35209
4170
7573
7633
7583
35194
35222
932
31436
16728
35265
3889
35176
5028
21996
4216
35140
35223
47274
906
38193
45035
47286
22448
47301
29857
6944
39968
7563
27911
30475
45046
47266
47288
22433
45011
47264
39700
20081
32763
7599
12356
20948
7598
32485
36430
4229
47267
47275
32462
25145
4108
47302
45013
1001
959
47272
47279
47314
4154
47282
47557
7597
45020
47562
47602
25146
12373
5327
45029
47565
12354
47589
47584
12353
55243
29848
34709
18524
930
45034
32461
50011
9629
4212
34395
55208
55222
20967
938
57440
57461
20104
40000
57430
57405
22425
57452
4162
2341
36429
4264
39692
70141
66701
4069
32477
70140
70147
2248
70136
5160
45037
36436
12750
70156
7600
34396
4151
2598
66695
34391
70152
9792
36433
70139
9407
4228
45041
5026
11982
7579
20099
30493
910
32439
30488
