51180
0
51181
51156
2979
51194
51249
51272
51199
51188
2970
51174
51275
51190
51262
51226
51192
51198
54418
15088
54329
54362
54438
18231
54451
54414
54463
54375
54387
54353
54442
54402
54486
54340
54368
54400
54443
54434
54348
54392
54427
54419
54363
54488
54372
54429
54441
54346
54410
54437
54399
54339
54331
54349
54464
54373
54440
54428
54460
54330
54496
54453
54475
3406
54405
52181
54388
54435
54335
54369
54336
54404
54332
54483
54420
54452
46208
54413
54365
54364
54397
54344
54359
54497
48133
54360
54393
54433
44402
54358
54381
54384
54342
54351
54380
216
54379
54439
54396
54458
54347
54412
54446
54469
54485
54478
54382
