51739
6
3905
16664
51812
18897
35952
51820
3936
26867
14712
51797
51842
51794
1187
51778
3938
51714
4483
51828
51777
3889
51706
51866
28676
10138
30423
51769
14722
51745
30372
13308
51726
51753
24326
3977
51721
50743
33696
3087
75124
10918
75166
75145
75175
75142
30384
75197
75206
75155
2969
75143
75194
75252
75225
75178
75201
14395
30363
30316
75180
75236
75174
75220
75229
75235
8017
1764
75179
75176
75137
75154
75136
75170
30412
7966
30395
75147
75186
75129
75230
75226
1578
75128
713
75208
75245
75210
28094
75205
75140
3013
75163
75241
28061
75234
6624
75150
75185
35943
75248
75233
75149
75131
75242
75144
75158
75253
