5201
0
5202
5222
5252
5254
5241
5210
5235
5226
654
665
5217
3087
5218
1574
658
5196
5223
5245
708
651
672
675
1547
1478
5195
5243
5256
1535
5232
1469
695
652
1501
5208
5213
5253
3815
5240
5255
5206
13816
1567
1548
1509
13847
13837
1482
13787
13789
689
1489
36282
691
19102
36286
3813
1977
19101
32082
1464
31911
23903
36327
688
36307
1851
686
1543
31913
37406
37413
37349
37392
1459
37353
2791
37333
37350
23163
37357
2759
37369
37401
45793
45801
45808
45787
45821
45799
45805
45809
45850
48462
3810
48424
48455
48432
3825
48401
48460
48403
48435
48437
48417
48426
48423
48433
48422
48416
48414
48464
24862
48404
48499
48415
48490
48444
48402
1470
48406
45851
48473
48445
48425
48397
48431
31915
48407
48438
48412
48439
48500
1546
48443
48448
21022
58510
34983
58530
45869
2715
8397
1915
39466
65341
1529
72195
72197
72187
72189
72185
54970
60532
3844
72207
