5206
0
677
651
5234
5260
5254
5195
5201
5218
733
5226
1870
5213
3811
5227
1493
1471
5263
671
5216
683
5249
5235
1547
5198
655
5233
5217
5261
658
5225
5245
706
5204
665
5251
646
652
649
698
5202
1574
5196
5248
3815
5244
675
705
720
672
718
5236
5220
5255
5222
1478
728
5228
716
243
5208
708
707
690
1917
5197
1535
656
695
670
5207
1533
5203
5210
1522
1519
674
5214
654
5252
5241
5246
664
5223
1469
45786
48404
710
48408
13817
3810
13793
48424
48421
48420
45850
48471
729
48444
23163
48437
13780
13811
1545
31915
13782
13821
48465
13776
13781
648
48482
1906
48403
48448
48417
3813
1548
48401
48407
703
1470
48458
48439
48415
48422
48491
666
31934
13833
48442
3828
48423
48443
39471
48426
1450
1546
48517
24862
48450
48486
48499
45851
31913
48398
48399
13785
48481
48428
48406
1977
3825
