5208
0
722
683
5240
5249
664
5213
733
1870
5206
1547
5220
5226
1533
728
5222
5254
720
705
671
1471
5205
5198
1574
654
5216
5253
1501
5196
665
5218
5241
243
5255
3815
649
5217
5261
5223
725
3811
652
5232
1535
5227
5243
1522
5214
1519
5210
5229
658
1493
5231
5250
5195
719
5244
5202
1469
5228
690
5201
674
5252
5245
651
5235
729
45873
37374
37413
45845
45858
45848
45883
34983
45786
12643
1915
45855
45856
45860
45857
13785
45847
39466
45850
45871
45846
37333
37406
33696
1111
45854
1099
13811
45870
45865
45894
45881
37346
689
45875
58505
1906
48424
710
48481
688
696
1492
23179
58521
687
704
12640
58510
686
3837
1546
37370
13774
1912
12650
58536
8397
