5213
0
1522
699
5231
705
708
5205
694
1533
655
5220
690
5206
720
5228
5202
5260
5197
5236
2857
5242
5208
683
671
5222
5219
1478
651
5235
5240
5241
5252
652
728
5234
5223
733
675
5216
5233
1917
1547
698
5201
646
5229
1471
3811
5217
1870
5214
5207
670
1493
719
5254
707
5263
5227
1535
5210
3815
5200
654
677
664
718
672
5248
1519
658
243
5246
727
1488
36267
36265
36283
32082
19101
36303
1851
1545
1977
1972
36298
13837
32231
6380
23179
36307
23160
1453
32083
686
36280
1479
13820
731
13830
31931
1554
693
13785
36302
13779
729
36274
1492
13816
36257
1958
682
688
36294
1454
2760
1641
45870
1915
1552
1111
45786
34983
12113
45857
45883
1570
33696
1476
39466
45873
45858
37413
45865
37349
45867
37406
45850
45855
45847
12657
48472
31915
48450
13782
48424
48437
48417
48503
48428
1906
13781
1450
48458
48459
48426
48423
48418
48409
48408
48427
1546
13780
13793
3828
1470
48435
48500
48491
48420
48440
48414
48411
48478
48430
48398
54967
54976
54970
1508
1556
54986
37419
54973
54978
13850
23156
54984
13774
54972
13791
50193
54966
54983
3842
1564
72199
72195
