5217
0
5195
5206
1870
1493
1501
5250
1535
5198
5252
674
5245
695
5224
5232
1917
5246
5227
5226
649
1478
5200
665
5263
1533
646
5196
2857
677
1574
5234
683
722
664
5210
1519
1547
656
694
5248
5204
651
5233
5228
5251
5205
718
5213
652
5202
720
5254
5222
725
5197
658
5223
5249
5220
716
3815
5229
733
5241
5214
243
5216
5218
5235
5208
672
675
690
728
5261
3811
1469
5201
5207
705
699
5260
654
707
12640
37400
689
37346
696
37354
37401
37334
37370
37383
10835
37399
37378
37352
37413
37406
1489
37358
1947
648
37384
1530
37391
37418
37375
32224
1459
37340
700
24823
37333
31922
688
729
45795
45796
12900
36271
13837
45786
45805
45803
45788
13807
23179
45787
45799
1545
45814
686
45798
1564
13793
1554
1764
1488
13811
45791
1563
731
45817
13782
32071
13816
45851
45872
45846
45873
45850
45847
45848
34983
45857
45860
45870
39466
28252
45845
45855
1915
1111
45858
45864
45875
822
45894
45883
45854
703
45865
33696
34894
45882
45863
48432
48442
48427
48401
48417
48422
48458
48429
48411
39471
48426
48415
3813
48452
48428
48462
48517
48424
3828
31915
48413
3810
48438
48505
48402
48503
48433
48439
12216
48448
48418
48408
48431
48435
48472
48457
48465
48397
1546
13781
48470
48404
48453
1470
43101
48484
48444
48481
31917
48466
48420
1906
48460
48437
3880
13850
54967
1508
36283
54983
13820
54972
54976
54978
13774
54970
61705
61738
12211
61853
61785
61797
1482
691
36282
229
8765
61742
58534
36293
61792
61807
61780
1453
712
26097
669
23903
831
687
1509
668
14315
64269
64272
