52316
0
52317
52333
18970
52347
13759
52307
52376
52300
52334
13770
52404
52346
52452
52365
52328
13761
42701
52398
13771
52350
42747
52363
52427
52406
52413
52458
52341
52313
13760
13769
52422
52371
52382
52354
52387
52329
52388
52370
42707
52342
13763
52321
52306
52400
52421
52433
13762
13766
52367
52353
52344
52314
52357
52352
52470
52359
52395
52407
13764
52380
52362
13768
52445
52419
52304
52423
52322
52440
52369
52384
13765
52379
52409
42670
52474
52309
52336
52323
52355
42698
52385
52392
52305
13772
52375
52310
13767
