5235
1
243
1533
674
5216
690
1493
5240
677
725
3811
705
5223
708
5241
5246
1917
706
652
5217
651
5195
664
718
671
654
658
1870
649
5222
5233
5228
698
1519
1471
733
5220
5197
5213
675
5201
5252
655
3815
1478
5207
13781
12640
13779
657
13811
1606
723
731
669
712
1548
715
13833
229
13791
12158
711
1482
729
13830
1545
2913
739
37352
688
31911
37343
37399
1851
36318
38983
727
721
1564
32081
31927
1492
1915
20313
48409
48440
48428
48430
48491
48417
1556
54983
54971
54978
3842
36283
54984
54976
54973
730
687
36293
8397
58536
736
12645
