5243
0
652
665
5208
1519
5256
658
5245
670
5218
1469
654
5236
677
5220
1531
5241
5231
5253
5242
5232
5222
5252
5203
5223
1535
5201
1547
675
1501
7986
7946
7999
8007
7954
7949
701
822
4728
7924
7930
7983
7257
7927
851
7985
7974
7956
7944
831
8010
7969
7977
8013
4063
7931
7993
8430
8551
8526
8577
8486
8465
8504
3975
8461
8428
8507
7520
855
8499
8508
8531
9089
9010
9030
9081
16366
16369
16238
16287
16330
16248
16267
18150
18163
18191
7783
18223
18237
7796
18181
18215
18254
18205
18240
18165
2009
18830
18792
18785
2239
7411
5614
18797
16768
18789
4859
18780
4386
5610
18840
18826
2306
18845
4693
12786
5332
15298
20313
20759
20790
499
1744
20754
20737
20713
20776
20772
20709
2256
2302
809
31911
1992
31916
10909
1851
13816
5314
1977
31913
31928
31918
5273
31910
14284
14319
2102
33408
33419
33439
33440
19970
22128
33404
2361
33422
4339
2236
26590
3490
2216
33402
7396
22101
8341
33435
34413
36206
36217
4455
5586
36247
36224
15762
13779
36286
36259
36264
23903
36280
691
36282
648
36284
36257
32078
1530
36466
36482
8343
36486
12877
36463
33140
36523
26331
36511
33097
21504
20858
18891
36507
4435
2038
26766
37796
37775
38418
27288
27280
1803
38396
20061
38439
38430
38415
27320
38394
38434
38409
10358
38393
8359
5295
22060
38404
38388
2600
2243
40571
40602
40609
40578
40646
24459
20835
714
40570
40588
40655
40613
40650
40610
17135
40605
40569
40603
3667
40604
40589
33256
4764
40809
1604
14572
3483
6312
14609
40845
5765
40751
40794
43088
1709
43119
8180
43095
9892
1767
43090
43136
43116
19568
21691
43092
17105
42279
43144
43138
33247
26158
4697
13310
7650
2008
41079
2012
43940
2037
43930
43960
34083
38142
43948
41250
2063
4687
826
43918
44357
44364
44412
41835
34590
44361
37282
5448
44444
44463
44367
44432
44389
44388
44431
2689
28682
1063
44378
44384
38762
8220
44366
724
19438
4440
44429
44880
2296
39275
46966
46970
1038
3939
38838
50806
50799
50801
50836
50815
11181
50862
50874
50840
50807
50792
50830
50784
50823
50810
50854
50791
50789
50869
50796
50820
50808
50816
50809
50822
50813
50798
51454
51415
51468
51416
26900
51448
39180
30374
52091
52156
52117
52175
52126
52119
52122
54085
54103
54087
7710
54117
803
2317
10620
58907
6263
30390
34102
58891
34071
58900
4913
58888
58894
26572
2336
46011
41966
7678
2242
7685
58909
58897
58908
7459
58934
41998
19948
580
41990
26357
58920
34070
58911
463
7729
27308
4394
7398
58885
58916
2022
26943
58881
9944
59125
10404
1638
11627
11644
10357
60707
1734
60715
60716
29290
30053
4875
13776
60721
60700
3535
60788
4669
60790
540
3516
24954
20015
2301
48787
3471
21271
16739
6266
60796
60798
64268
39466
29475
64916
64911
66272
1724
47962
66266
66278
68615
11630
3088
68609
41249
68610
68596
11655
11626
39906
11628
60682
68921
68910
68944
7430
68920
34091
49175
69371
54237
69395
69397
16766
69374
69387
26767
69390
69379
69394
69386
69373
69400
461
69392
69409
1414
5656
71065
70919
27389
26544
3497
71068
51217
6333
51186
72511
72473
72471
72502
72513
72231
73027
2051
19781
75542
1468
75522
75550
55292
75510
75525
75516
32072
75547
39045
75559
75546
59878
1462
75527
18899
13789
75576
75543
