5252
0
5226
5201
5244
5205
1574
5234
1535
725
5240
5210
658
5241
5208
675
5198
3087
5232
5195
3815
5224
5255
5217
5235
1493
5206
5213
5243
1530
31927
12642
31917
1977
36257
1992
32082
13816
3813
36297
36274
32085
19102
36311
648
32103
31911
13837
691
727
10835
36284
32097
1489
1488
36286
36282
1515
682
36326
19101
37339
2759
37370
23163
37385
37353
37383
31922
37361
37381
37389
37354
37401
1459
37414
15694
37352
37333
37406
1882
666
37349
37344
37387
32224
31913
45849
2760
45847
45858
45860
45851
39466
45846
45869
45874
45850
45786
48449
48452
48403
48423
48014
48450
48487
45796
1470
48431
13776
48402
48398
1450
39471
48427
48400
31915
48466
48412
48473
48444
48475
48448
48499
48433
1906
48426
48456
48415
24862
48480
48500
48413
48460
48457
48416
48424
48434
48472
3825
48455
48404
48494
48490
48414
48420
3810
48438
48465
48407
48439
