526
0
539
528
540
520
469
466
461
518
586
462
519
430
608
454
472
596
2243
7441
803
4859
7440
7401
7406
6302
2309
4683
7469
7431
2027
7491
2037
4903
7398
7407
2023
4417
3469
3527
16783
16760
3466
16749
4818
2067
3471
16766
2077
2009
16802
16789
16739
3490
16799
16736
2074
16790
16842
2361
16795
16768
3489
16755
16800
3538
2013
16793
16782
2996
6318
16839
4885
16832
16763
16762
4703
6324
4383
2301
16812
3511
4899
16791
4870
4719
16771
16801
16737
25010
826
2038
24456
3459
24984
4879
10799
3513
1336
3477
6304
3519
25051
19010
3515
3531
2302
3464
4669
15880
24953
839
3482
3503
2256
6278
19283
24986
3470
43969
2242
3473
3478
3549
4407
2127
6317
7646
2124
6252
3506
43971
3502
2297
44002
3516
2047
31122
3535
2241
19007
2049
12097
45772
45773
4701
45759
33512
2030
2291
3507
4680
19292
45770
45765
4715
45781
10815
4846
20015
40458
19006
26783
45778
45748
45751
20034
19939
45989
38458
45980
31084
1724
30085
45977
45990
46057
19954
19965
27279
19966
24413
2050
3548
3525
2936
45964
2022
4429
3460
2107
4913
19937
6237
2354
33322
34007
40845
58157
49151
20029
2076
13612
713
13569
19311
5821
2026
3465
3554
11654
817
813
2255
3553
60891
4705
3526
5630
