527
0
472
556
485
430
518
464
454
506
505
499
3469
3543
4725
2124
3471
4710
4729
4658
4764
4703
1656
679
4687
4680
1374
4734
4752
4671
3548
2291
2009
4749
4667
4777
2945
2230
757
3478
3470
4696
4700
4693
3527
817
3566
3545
826
4675
4739
3511
4694
2904
2049
4714
4766
4654
4383
2037
2324
2013
3491
2074
4677
1807
4697
2047
4683
4662
2927
4692
7880
7825
7270
7850
2900
7429
7867
713
3936
5644
7847
803
1744
5639
2111
7837
5762
2026
4838
1030
1115
18149
2107
18255
1336
5243
18269
20028
20044
2023
20045
3502
3490
10911
2301
3336
4394
20005
20006
7459
20018
4913
18790
6317
4845
10786
3319
2306
4404
20033
12833
3464
4846
4818
20067
20014
2008
20069
22120
2012
8107
2254
7416
22101
4429
10948
30402
26572
5677
14658
30328
26927
18905
30350
30392
26560
12591
30374
10934
10884
30415
30436
15032
16772
2997
4407
27330
7646
45971
20431
7687
51653
2241
2914
9155
6264
6252
51661
32269
50571
1721
19966
1724
7695
71846
7700
10763
1836
10772
41127
7644
19965
27296
26287
71844
71806
18926
43924
27973
1028
19982
45997
