53056
0
53057
30543
12786
52999
33800
53009
53030
53002
40621
52996
8337
22249
9079
40623
53010
20849
1060
53012
53071
53040
52994
26511
53023
26534
9050
1052
4658
53067
34283
30833
53005
53000
52239
12253
12205
53028
8386
12671
40595
8353
30546
53008
9080
40572
26535
679
12209
20500
40643
12035
30241
52992
53068
8991
52989
35085
35026
9035
53046
53041
36722
11652
12773
36086
3967
53032
12222
1061
30550
53082
40641
62221
43632
20502
33820
12490
1099
28305
62231
62329
9175
34348
36384
9008
9041
9002
1127
62229
18309
