5374
0
5277
5309
5276
5329
1275
1563
5344
1303
5296
3938
5318
5358
5397
5283
5327
5281
5311
3981
5336
5294
3899
5301
5290
5300
1651
3889
1641
3966
1608
2969
5343
31631
6624
31585
16925
10252
3568
24004
31671
8017
14422
245
30271
37816
37883
36844
29438
37962
30282
37916
37901
37830
37843
37955
37870
30254
3088
37971
37945
37876
37881
37935
37866
29122
13382
22392
216
30285
37849
11601
37825
37831
37899
37914
11816
37853
12823
22385
37840
37896
4776
37842
37869
37826
11075
37820
37928
4793
20338
37839
37880
37919
