540
0
485
466
499
464
583
506
469
526
435
608
478
463
513
556
462
520
481
472
474
454
566
439
521
518
434
3464
3507
3508
3542
3469
3520
3467
3555
3537
3490
3478
3527
2074
3534
3473
3561
2242
3526
2241
3540
3483
3536
3489
3491
2023
3531
2124
3513
3461
3523
3475
3541
2009
3545
3532
3535
3492
3511
3472
3504
3525
3462
3522
3528
3502
3519
3468
3463
3465
3576
3550
2246
3493
3476
1336
3543
3516
3554
3510
2301
3549
3500
3521
3470
2013
3471
3515
3514
3485
3512
3518
3477
2297
3503
3506
3548
3484
3466
3482
3509
3505
3497
3460
3538
3517
3539
4665
1369
4670
4718
1807
4658
4703
2047
4717
4675
4700
4694
4677
4654
4729
4764
2927
849
4766
4687
4664
817
4689
2049
1374
4719
4383
4671
757
4714
1656
2322
4674
2904
2037
4662
4672
4777
4680
4667
2243
2291
4715
4686
4696
4728
2230
4683
2279
4701
4734
850
4752
4692
2945
4725
4693
4713
4668
4754
2324
4695
16760
2067
16773
16819
16744
1414
16772
16766
2996
16797
16752
2082
16739
4818
16800
16768
16787
16759
16801
16761
16764
6318
16753
16799
7491
16812
16786
16808
16749
4417
16737
16771
9030
16782
16762
16832
16839
2027
6324
2077
2157
16775
16802
16755
4870
16824
2361
16809
16736
10815
18999
2127
6245
19007
19000
2029
19010
19004
7710
2326
2008
19002
19022
19015
19006
19023
839
19001
6262
19020
2250
4384
26553
12138
14641
4416
31126
26892
31124
31130
4414
31127
25002
4879
7641
5578
31529
10420
5638
4407
43986
28723
20044
6266
24954
20032
43968
43993
45980
31084
2354
7398
46013
4429
4394
16359
1724
27279
4404
30374
4873
19937
4902
38458
19939
4859
4913
26900
20015
45964
2012
45969
45974
46036
19948
4846
2997
41074
2908
18596
24984
31112
4940
39782
41020
41025
14605
25203
41017
41077
41047
5762
2256
41023
41063
31735
41072
8080
41015
4424
5644
6301
33223
6312
2038
20061
5650
2321
60781
20005
4858
60794
19987
2064
5243
2026
6304
34024
813
60886
7732
30087
60888
8419
60891
2255
60890
1764
6298
40450
44161
44134
40458
20021
2070
67620
67627
13705
7442
34100
2900
4822
2306
2225
2309
7660
861
2903
4912
4896
24469
7658
7443
26913
20014
7694
26767
69375
7966
3880
69372
69409
10939
3401
69381
822
69369
22077
6328
16295
5695
2076
44146
2062
44145
74281
5585
7867
74283
