54359
0
54360
54398
54331
54339
54394
54433
54440
54346
54393
54438
54341
54343
40986
54368
54351
54406
54363
54431
54434
14363
54404
54372
54407
54466
44402
54413
51276
54392
51192
54348
54419
54455
54408
54353
8954
54382
51198
51195
51190
54399
54497
51194
44471
54441
54344
54432
54355
38351
51251
54362
54375
51181
54340
54338
1099
54386
54358
54336
51275
44390
54364
18231
54345
54395
54396
54342
54334
54387
54332
54380
12866
54462
54337
54365
54409
54347
48121
54354
54442
54349
54426
44461
54420
51180
54489
51199
713
44440
51225
24116
54412
54490
54376
1562
54427
54485
54350
54335
