5446
0
5454
5457
5418
5415
5547
5448
5492
5467
3967
5552
5512
5419
5434
8560
8543
9472
7745
9474
9471
9455
9514
9549
9561
9510
4483
6399
6385
6369
9540
6376
9469
6382
9515
9451
9428
9448
9440
9456
9475
9444
6402
9562
9427
9421
9529
9439
9494
9532
9417
9453
9420
9507
6394
9463
9526
3898
9443
9430
9434
9508
6384
9542
6390
9470
9442
9493
9473
9418
9464
9452
9445
9491
9478
9435
6373
9522
9425
8014
9487
1316
6755
19131
19143
19173
19179
19162
3880
19172
19164
19245
19204
19132
73284
73289
73321
73312
30795
30745
48620
12815
12120
30772
73288
30767
30828
1606
