55009
0
55010
55073
55090
55101
55016
25986
55045
55065
55137
55032
55153
55116
55111
55093
55124
55040
14616
55029
55107
55064
55034
55166
55046
55150
55039
55079
55132
55014
55097
55038
55083
55044
55022
55067
55162
55094
55070
55075
55055
55088
55027
55115
14628
55043
55080
55051
40840
55161
55108
55154
55068
55041
55063
55096
40791
55100
55050
55177
25303
55104
55049
55181
55165
55012
55190
55130
55085
55082
55030
55042
55057
55054
55091
55052
55168
55123
55017
55131
55089
55119
55028
55078
55048
55013
55053
55047
55035
