55014
0
55015
55020
55119
55057
55135
25303
55079
55084
55089
55040
55031
55066
55082
55187
55044
55177
55111
55085
55165
55101
55054
55077
55078
55137
55072
55034
55032
55050
55116
55093
55094
55127
55036
55138
55104
14683
55027
55090
55153
55016
55161
55055
55043
55088
55009
55052
40840
55051
55091
55028
55110
55068
55129
55121
55097
55158
14628
55123
55162
55150
55045
55029
55042
55064
55107
55018
55067
55100
25986
55053
55181
55073
55081
55083
55038
55154
55065
55041
55063
14630
55167
55017
55035
55124
55049
14616
55115
55048
55047
55019
55139
55130
55070
55105
