55048
0
14616
55097
55013
55083
55018
55075
55139
55095
55051
55081
55045
55057
55089
55088
55078
55066
55043
25986
55131
55065
55042
55116
55091
55034
55079
55027
55038
40840
55104
55063
55067
55029
55165
55010
55124
55121
55040
55090
55190
55093
55014
55137
55041
55021
55022
55103
55161
55050
55107
55154
55049
55108
55119
55147
55052
55101
55031
55020
55077
55111
55123
55153
55028
55044
55130
55082
55149
55035
55030
55012
55032
55115
14628
55084
55019
55127
55073
55017
55085
55047
55135
55110
55070
55068
55122
55094
55054
55046
55072
