55053
0
55054
55055
55155
55161
55028
55018
55072
55031
55077
55135
55091
55166
55165
55103
55123
55017
55039
55100
55073
55131
55012
55085
25986
55047
55022
55044
55041
55010
55122
55104
55034
40840
25303
55147
55121
55027
55119
55088
55178
55089
55137
55149
55021
55032
55063
55075
55108
55153
55124
55084
55009
55095
55050
55043
55057
55078
55139
55052
55168
55082
55107
55067
14616
55097
55162
55115
55093
55083
55048
55035
55068
55013
55090
55101
55177
55094
55019
55132
55065
55070
55046
55116
55154
55014
55020
55111
55150
55130
55096
55045
55138
55042
14628
55110
55049
55051
55181
55030
