55111
0
55020
55115
55130
55093
55137
55166
55091
14616
55088
55178
55050
55160
55028
55042
55094
55054
55043
55104
55046
55018
55089
55063
55057
55067
55083
55153
55161
55034
55044
55123
55107
55162
55068
55048
55150
55077
55017
55129
55108
55019
55075
55041
55090
55116
55051
55035
55052
55177
55084
55045
55070
25986
55165
55121
55078
55014
55039
55139
55147
55149
55101
55135
55027
55066
55154
55030
55103
55181
14628
55029
25303
55047
55124
55038
40840
55096
55016
55085
55065
55072
55097
55073
55080
55110
55022
55032
55021
55049
55010
55131
