55292
0
671
669
1870
31911
13830
1548
32222
14316
670
5244
699
1851
696
1977
243
1501
703
229
2866
12654
1856
13776
327
13821
4658
687
31930
675
654
1515
697
55288
5235
55289
7270
5200
649
4061
36283
665
75535
13837
1468
1453
685
75516
32082
13840
9005
10895
677
59888
13816
688
8107
705
13789
716
33696
1958
39032
652
707
19102
75540
37413
75584
672
75511
26097
1992
75543
39466
75515
59878
1567
1764
1509
5210
75542
37352
1519
12643
5243
12645
6825
689
1979
658
74337
20993
708
58505
12900
39045
59877
733
5232
