55545
2
3620
1754
55565
41195
3652
43291
55570
43081
12079
41217
31354
55601
41165
55560
3650
55564
3636
3667
55575
3634
55551
3619
43061
43069
21706
48828
3659
21765
55599
3677
3635
21603
48859
41216
41160
851
3621
33246
40284
41187
11642
41161
7953
3631
55544
1815
21569
40320
41175
3673
64400
64416
31366
41157
3614
64396
41168
41179
21616
38047
21611
41219
21562
9645
41164
64412
11616
56565
41163
64401
3637
24504
75432
75435
59103
37600
75501
713
41204
75489
41188
38023
75502
7979
20442
3618
75426
4483
2906
75428
43083
31363
3660
3625
76052
31361
43074
37999
46697
76051
31364
76050
76063
76065
76076
3617
