55616
0
55617
55656
55719
55629
55663
55728
55693
4806
55662
55762
55642
55634
55651
22798
55697
24122
55708
39433
55643
55658
55765
55646
55613
55743
55619
55670
41885
55673
55630
41871
47708
55709
55692
41838
53754
41768
55618
55677
55639
55706
15011
55737
37023
55683
55758
55705
55739
55654
55701
55647
55730
47701
14727
55744
55623
55664
55735
55653
34425
36998
55657
6405
55665
55729
55715
55622
55625
55636
55669
55732
55713
55668
55687
55648
55659
55660
49342
32610
55679
15033
55645
55626
20338
55711
55733
55633
41084
