55626
4
55627
55645
55657
55635
55765
55764
55659
14727
32610
15011
55648
55706
55711
55758
55673
55629
55730
41838
55636
41885
55660
36998
55616
55738
41084
55712
14783
55709
55634
55683
55682
55614
39433
55743
37023
55729
55656
55677
55713
20338
55665
55714
55617
55646
55692
49342
47701
55672
55678
55622
53754
55737
41768
55736
55705
55625
55695
4806
6405
55727
55690
55697
34425
41871
55643
55751
55623
55701
55715
55662
24122
55653
55637
55658
55687
55618
55651
55654
47708
55613
55693
55686
55664
