55634
0
15033
55706
55619
55702
53754
55622
55762
41885
55707
55651
55713
55616
55697
55636
49342
36998
55646
55662
47701
55730
55700
9420
6405
55735
55693
55625
55642
55731
55711
14783
4806
15011
32610
55765
20338
41084
41768
55672
55674
55633
41838
55679
55657
55617
55677
55683
55739
55709
55670
55641
41871
37023
55656
55687
55645
55623
55715
55650
55618
55653
55613
24122
55744
39433
47708
55643
55629
34425
55665
55673
55627
55737
55626
55639
55664
22798
55733
55659
55729
55658
14727
55743
55705
1658
