55696
0
20338
55660
55697
55731
55724
55684
37023
41838
55679
55686
55710
55653
55736
55739
55765
30726
55655
32610
9420
55629
22798
55663
55702
55779
12120
30767
41768
55616
55626
15011
30753
55749
55708
55612
55691
5552
15033
55643
55644
55620
41084
55729
55649
55700
39433
55753
49342
55648
4806
5955
55631
41885
55625
55628
24122
9475
55669
6400
55646
55621
55703
55769
55682
55701
55623
55709
55642
55732
41871
55640
55733
55634
36998
55650
55735
55617
9003
55755
55613
47708
55775
55687
55770
55705
55622
30737
55741
55706
55619
55677
55693
55645
55711
55635
