5589
0
5630
4878
2324
5603
5582
4845
2291
5578
4859
5644
5635
5638
5576
5639
4693
485
5623
5608
5580
2322
7416
7396
7403
7450
7401
7430
1619
6663
1774
7407
7418
7441
7408
7429
1782
7440
11282
11288
4900
15909
12989
876
15920
15884
15929
15922
15927
12514
15892
15886
15943
15931
12973
15907
15903
15894
15923
4836
18817
4696
2306
7642
6304
19982
10761
7646
7678
10772
7672
10810
11762
10757
10791
7727
20052
25255
2912
6638
25233
25243
14624
25280
25226
25225
11621
15802
31601
7660
10748
7706
10777
7668
31947
12209
12785
46152
4752
5762
2900
9633
67657
2996
1744
26559
7733
34069
10763
68918
9166
7658
7694
1722
4431
41281
4777
3471
10746
58887
9186
41434
