55939
0
8346
55936
56020
55951
55966
55929
55943
5842
55968
55957
55999
55998
55967
55969
5851
37087
55948
5848
56037
20845
8333
56006
8371
55979
55935
56012
55973
10373
55959
5841
55986
55996
5845
8365
37590
8364
8342
8382
8341
56050
56010
8360
37603
8361
55947
55993
8381
55949
55980
36485
8383
55983
8355
8376
8339
8362
56013
37544
8372
5846
37559
56083
679
55994
8349
8387
56015
55463
55991
55965
43038
55976
8338
8340
55937
55941
23903
18917
56025
55934
55950
5843
56036
56040
55956
55995
55932
43128
56080
5844
55971
56017
