55936
0
55937
37559
37544
37087
23903
8360
55942
5844
55933
8341
55996
55987
8361
56040
55949
8338
8355
55968
55958
8383
55991
8342
55956
8382
8349
55940
55943
55966
55950
55939
55999
8351
8364
18917
55960
37590
56062
43038
55983
55976
5841
8339
8376
8377
8362
8333
56010
56025
55941
55979
5842
56013
5845
5848
55967
56015
55959
20845
55964
8365
55986
55971
8372
8371
679
56007
55463
56004
56017
56024
56021
5851
55938
56006
55982
55972
55932
55985
56078
56030
8340
55994
55935
55951
55980
55944
55995
8387
56020
