55933
0
55934
55992
5845
8420
55947
37087
679
55979
8365
56005
55995
55991
55938
8376
55936
56036
8364
37552
55967
8383
5844
55959
55942
56000
56025
56050
8351
55463
8339
56024
8372
8340
8346
5842
55955
56021
56006
5848
55975
55974
56037
55981
55982
56007
8424
55987
55973
55994
5846
55986
8362
18917
43128
11658
55964
8355
55944
5843
55950
37544
37559
55958
55980
56040
56011
55999
55932
8387
8360
55960
55949
55966
43040
37590
56047
55941
56017
37603
8382
20845
56039
55951
55985
8333
8341
55937
55935
55972
55968
8371
8342
56010
55983
5841
55971
55965
8361
8338
8381
55929
55943
55948
43038
55969
55956
55940
56030
8349
56020
55998
55957
4658
701
8982
14240
8343
23207
8348
43037
8406
713
59018
59041
5850
59043
8337
59044
9084
59046
8352
8331
59066
5847
14744
23237
803
3899
75848
75853
23232
10229
8345
3936
23253
12671
20489
7994
2286
75894
8391
64010
7874
11652
75864
2996
75874
61483
8356
8394
8332
75879
75852
23234
2987
22838
23293
