55941
4
8372
5843
55995
8365
55956
55991
55935
8381
5846
56044
55948
55994
56015
37590
55979
56006
55933
5841
8339
8342
55968
55947
5851
55951
8383
55942
56020
55943
55965
55932
8361
56040
55949
55940
55959
11658
56048
5849
5842
56036
55966
18917
56061
37559
55939
56000
55972
56010
56030
5844
8362
37087
55938
23903
5845
55999
55985
8346
55971
8364
55955
8349
55964
8333
5848
8382
20845
8340
8341
8355
55957
8387
56024
8351
55986
55997
55960
56025
55958
55998
55950
8376
55967
55463
43128
43040
55982
8371
56021
56017
55980
55936
679
55973
8360
8390
11652
23207
8348
8356
8331
8332
23253
75862
64010
75852
5847
8337
20489
12154
8345
7994
61483
23237
5850
