55943
0
55933
55939
8373
55959
11658
8355
55951
5849
8333
8371
8381
56040
56021
55944
8360
5843
55966
55994
43040
55995
56017
22081
5845
55956
55940
55980
55932
55960
679
5848
8376
55993
8377
8364
55991
8361
37087
8341
8342
8339
8372
55936
5841
8340
55965
56024
5851
56036
18917
56007
55979
55950
55958
55938
55998
8362
5844
55955
8365
8351
55986
55463
56010
8387
56050
37590
55930
55941
56020
56064
56006
55935
55972
55949
55968
37559
55967
8383
701
8352
5850
5847
18910
59018
23207
4658
37547
20450
2987
44490
20456
1764
822
7419
3964
