55944
0
55945
55934
5843
8420
56044
55939
56012
5845
8371
56020
55972
8381
55931
55996
8376
10373
8361
8364
8349
56010
55967
55955
55993
8338
55956
8382
37559
55950
55987
37544
56037
55968
56034
8333
56041
8373
55463
56009
56005
55985
8387
55991
55986
55949
55948
55943
56040
55980
55999
55973
55932
55951
56036
5848
5842
55994
55940
20845
37087
55979
679
55966
8341
55976
55965
5849
56000
55933
8351
56006
56007
8339
55938
8377
8372
55960
11658
55995
43040
55936
55975
56024
8342
8340
56017
56030
37590
56021
55998
55958
55957
56025
55935
55959
8365
8346
5844
56015
8383
5841
8355
55937
56048
56047
55941
8362
43128
