55959
0
55972
56013
8341
56050
55942
8346
43040
8381
55463
55934
8349
56010
55937
55958
5843
55975
55996
43038
56047
56034
55995
55982
5845
56021
37544
18917
22081
56005
8338
55979
55949
55967
37590
37559
56062
55939
55932
5846
55948
37087
56006
8362
8339
55943
679
55944
56024
8342
5851
55985
55994
56036
20845
56017
55986
56025
8371
56037
56042
8360
56040
8361
5844
55973
5841
11658
37603
5842
55933
55964
55965
56007
23903
55971
8364
55955
55950
55992
8333
56015
55983
8382
55976
55935
56012
8387
55941
56000
55998
8351
8340
55960
55936
55980
55951
55956
55999
36485
56030
55987
55966
8355
55938
55957
55947
5848
56048
8372
55968
8376
56046
56016
8365
55929
43128
56020
55940
8383
10373
55969
55991
14240
7953
713
8348
8337
5847
18910
8352
59044
23237
23207
59043
8406
8343
59017
8331
43037
23926
701
19461
43039
59018
20489
11652
75857
69623
75853
75864
12671
12786
8395
8356
8391
8394
12154
2987
10229
64010
8345
8390
8332
75876
23253
75852
43041
