55979
0
43038
56020
55972
55982
55931
37590
56047
55935
8377
37544
8340
56054
8382
20845
55985
8365
56014
8333
18917
5846
5844
8373
55950
55975
55956
11658
8342
56004
55992
55993
37087
8371
8361
8364
55934
55463
55967
56030
10373
56046
8351
56002
55966
8338
55987
56013
55943
55999
56007
55955
55940
56005
5842
5849
55991
56010
55965
55994
8383
5841
55958
55995
55944
5851
56050
55932
56034
56036
56008
56006
8341
56009
55964
55980
55971
55960
56015
55951
55998
56037
56048
55948
56017
8376
55941
55969
5843
8381
55976
5845
55938
56021
56040
55937
56012
55996
56024
55942
37603
56000
23903
55983
55936
8349
55933
5848
55939
55957
55973
8339
8360
55959
8355
56065
8362
8346
8372
43040
55997
55949
43128
55947
56025
37559
679
64010
75862
23293
75876
8345
75874
23207
23253
61483
8331
8348
5847
2286
10229
75852
5850
75864
11652
23237
75853
3426
75848
8337
