55986
0
55950
55966
8355
5849
56017
55967
56020
56037
55976
55935
56040
8338
37087
8364
56012
55999
55941
56024
55995
8381
5848
8420
10373
55959
20845
8341
55939
23903
8351
55947
56015
55937
8365
55998
56021
56010
37544
8362
8372
55968
8376
55949
18917
55463
11658
8349
55987
8361
8371
55952
55979
8377
55994
5841
55943
5843
679
55929
8373
23215
5845
43040
8360
8383
8387
5844
5842
8342
55933
8333
56008
55990
56006
8340
8339
8337
23207
14240
14734
7953
42891
713
701
8348
1776
59044
23237
6825
5847
8343
8352
44442
75852
7994
8345
10229
2286
75876
11652
75871
20489
216
12786
8391
8332
3936
2987
17612
64010
21750
12671
