55996
0
55940
679
55948
55955
56040
37087
55991
55971
56006
55947
43038
8341
55988
5848
37544
34193
56008
5845
56046
8381
56077
56048
56044
55938
55934
55958
55959
8342
56034
8333
56015
56042
55944
5851
55937
56047
55994
55960
18917
55463
8364
56037
56024
43128
55942
56023
55976
8373
55999
8349
55966
8376
55987
55980
55933
56000
55985
8371
56005
8383
8382
56058
22081
55967
5843
37590
55973
55951
8360
55941
8365
55932
10373
56078
55943
55965
8361
55949
8351
56021
56036
8339
56010
56009
5844
56017
23903
55939
37559
8372
55936
5842
56011
8387
56039
43040
56020
56026
8340
11658
55935
55957
56030
55986
8362
56041
5841
8377
55956
8338
55968
56018
56014
55984
5849
55950
8355
55972
56012
55979
20845
55931
56007
