56
0
57
92
30
121
52
15
125
68
101
114
137
115
36
173
58
78
86
99
102
130
14
4
72
94
161
71
143
9
73
128
34
152
155
10
136
81
122
62
69
156
150
12
149
54
41
117
77
85
67
148
42
107
87
53
135
111
18
39
7
51
158
147
142
79
37
70
16
97
5
145
126
6
17
43
3
108
103
141
84
113
8
61
44
157
25
168
153
105
82
48
35
119
26
140
19
7567
7565
906
4069
7566
4218
4082
7577
7572
7563
7562
7614
7585
7605
7571
6944
7606
7591
1003
7584
7561
7597
7568
7626
7593
898
4213
910
7594
4205
930
7570
4086
7611
7595
7560
7583
7587
938
959
7573
11970
11940
3160
11982
919
11972
11945
11958
902
11976
11965
11953
11937
4216
20099
20086
20105
12675
20106
20104
20096
20122
20124
899
20109
20090
20102
20087
928
20119
923
20130
32406
39248
46925
35209
46887
20982
6922
46906
46915
46923
4103
46921
46922
46913
915
46893
67042
974
67066
67056
31453
25121
