56048
0
56049
56045
5849
8373
56074
56028
55939
55935
56069
8365
55961
56026
56016
56021
55953
56012
56063
55971
55983
43040
56043
5845
55965
5848
56019
55958
8333
56052
8381
56051
55981
55932
55995
56027
55943
55951
8339
56038
55949
8372
5851
8420
55945
55941
56066
55986
20845
56054
8362
8371
8377
56006
55967
8349
55931
8342
37590
56009
8376
5846
8382
55985
11658
56020
56065
55966
8383
56071
55968
56022
5844
55962
55954
56067
55998
55994
56040
56044
8424
5841
8341
56070
55463
43038
55977
56013
56002
56073
56072
56036
56029
8350
56057
679
55979
56010
5842
56047
43128
8360
56001
56061
37544
8338
18917
8364
8340
55980
56032
5843
56068
56014
8355
