5623
0
5602
485
4892
1369
5608
5635
5664
5630
5603
2324
5589
5582
5610
2945
5599
5580
5576
5570
5588
2322
4693
5663
2291
4845
4878
4859
5699
2306
18825
18796
18824
4900
4902
4860
18849
4945
7416
3491
12514
11274
18815
18819
7450
4396
15898
18797
624
430
4829
876
7418
18798
18817
18792
4885
18828
4830
4836
1774
4897
2049
3545
15913
4424
11282
2936
3336
2953
12097
15920
4848
4723
1807
3490
10808
25203
15884
11283
14624
12973
25280
4725
25279
15923
15907
12989
14096
25225
25201
7689
25302
11288
25255
15916
7650
25234
15892
11621
31587
3789
14809
31639
28995
19674
31593
1764
19778
31604
31642
31597
26138
2302
2241
35797
850
21278
2255
11278
4764
19954
46141
46098
4925
10815
4752
4826
39800
39832
46140
46160
4703
46113
46082
4938
7319
15903
