56368
0
56369
56450
24955
56366
56361
56413
56373
56363
56370
56421
6685
56444
56376
56364
56408
56461
56437
56409
56404
56423
56372
56414
6667
56420
24950
6608
56474
6649
56426
56429
56416
56454
56447
56445
56395
56407
56396
56402
56382
24976
56392
56400
56428
56403
56377
56397
56424
43887
56434
25017
56475
56422
56380
56398
56441
56399
56415
43391
56438
56389
56418
56378
56383
56451
56374
6615
56419
56471
56393
56367
56425
6660
56362
56448
56406
56379
56391
56390
861
24957
25016
24946
56387
56384
56394
56401
56464
