56367
0
6652
6626
56398
2037
56383
56373
56441
56397
56407
56413
56404
56361
56392
24977
6623
56475
56391
56388
25009
56416
56393
56410
56406
56453
56437
56400
56384
56429
56379
56426
24953
6618
24955
56394
56428
24944
56424
56422
56365
24947
56370
56454
56368
6685
56390
56451
25017
56380
56411
43887
6649
56420
24976
6667
43391
56421
24957
56459
6608
56382
56401
56433
56372
56408
6664
24946
498
6660
56366
6615
56425
25016
56471
56395
56448
6604
56389
24950
7668
24951
56374
56474
56464
56409
56378
56444
