5637
0
4878
2291
2322
4859
4845
5644
5602
5630
5576
5608
2321
5603
5658
3434
5677
5580
4693
485
5578
499
5655
5635
5651
5607
5617
5569
5623
5589
5596
2945
5639
2324
1369
4892
46106
66284
66291
66283
4680
66295
21300
15298
66293
29590
216
2049
34771
2038
66267
66274
66277
66290
2225
38320
2067
2239
24440
2302
15226
66261
66294
66263
9883
27302
10799
2234
66287
1807
1724
34005
66289
18818
39767
66270
2243
2320
66271
7966
30374
3394
71483
4716
24467
25280
1347
18824
71458
4725
589
15802
2969
62368
2296
31584
71461
24407
31124
31639
2306
18817
856
38427
10939
11621
4752
71460
4900
15922
18798
2900
2997
