5638
0
2945
5589
5603
499
485
4693
4859
4845
2324
2322
2321
5644
5630
5578
803
849
2062
2302
4431
7900
3401
2026
5762
2038
7821
6328
6679
2922
7493
4694
9160
9154
9134
9166
9136
9186
9159
9183
9189
9138
9155
9133
9173
9156
9184
9167
9201
9147
9135
9151
9141
9178
2049
9176
9206
1219
9169
9140
9165
7447
9139
9157
7690
9145
9131
9158
12309
12304
2935
12298
12964
12957
12989
12294
12301
2070
8968
12970
7660
12959
6327
12960
24456
24426
24464
3013
7651
10761
7468
24431
19956
10772
7405
24423
7714
4677
7416
2958
7666
2927
2960
10808
2910
11711
7668
10743
3490
1606
2241
3491
7464
4766
15885
2028
4683
2929
2942
20052
7727
2908
18594
14596
38156
7642
7443
38164
2145
7658
38152
2903
7647
1374
7732
43411
7719
43391
27971
43405
10748
13703
43381
10803
31846
43410
7420
7480
26330
4672
4453
2021
4403
2353
45699
26429
45702
39145
31093
27972
10744
45707
6671
7694
45690
27922
45728
27934
7403
45711
10776
10759
1834
45695
10789
45706
10764
7483
45696
45700
27299
7469
7723
10746
27304
45716
45724
45737
45691
49905
28259
10801
54194
2909
10750
54195
54209
54224
18658
14076
54208
26060
61412
61406
15925
61424
21883
32990
61400
6120
12289
1608
44046
4379
4443
2990
33423
2330
4436
