56527
0
32092
703
664
675
56528
13823
688
652
243
56520
56523
1574
26097
5200
56521
665
32090
13837
654
2884
24904
708
672
56526
1501
705
6825
13840
75561
12665
32082
13789
75518
1520
75547
12645
75520
5232
39466
39071
13816
19781
75527
75535
1468
75522
75546
8107
75590
1992
5235
37352
64272
2355
75533
75526
37413
74337
75543
1958
707
1453
1921
8005
18899
75542
1509
75541
12640
13830
50189
75510
689
696
75540
59878
75549
64269
39032
75573
75514
58510
55292
18645
685
32093
75559
716
75516
58530
58505
59877
1870
1462
649
75548
733
39045
33696
75550
20993
1519
658
8013
75532
12900
5243
75521
75551
1764
75545
677
3013
1497
12643
75556
1539
19102
