56588
0
7974
56541
56566
56554
64066
64161
64201
64239
64166
64245
64241
64128
64068
64182
64082
64086
64165
64143
64077
64126
64095
64098
64115
64205
64088
64114
64100
64199
64106
64198
64139
64072
64167
64105
64160
64093
64207
64191
64215
64192
64081
64144
64171
64087
64064
64177
64101
64213
64094
64146
64217
64137
64181
64076
64163
64250
64176
64073
64091
64156
64074
64172
64222
64135
64084
64080
64243
64247
64224
64096
64202
64190
64254
64189
64154
64124
64150
64134
64138
64229
64112
64107
64174
64240
64232
64210
64102
64127
64168
64155
64214
64195
64122
64236
64110
64164
64116
64249
64090
64117
64065
64118
64169
64159
64123
64121
64216
64152
64231
64133
64223
64149
64113
64083
64226
64194
64132
64175
64119
64071
64178
64069
64212
64151
64179
64130
64078
64067
64141
64079
64085
64109
64197
64187
64200
64099
64125
64188
64145
64136
64157
64120
64220
