57
0
63
7
85
86
140
106
50
56
24
20
103
21
52
17
123
138
6
162
90
95
75
68
38
1
66
153
92
124
136
99
0
116
151
13
77
69
158
43
144
46
149
129
168
128
142
9
88
156
117
80
15
39
82
84
139
48
37
94
970
4196
921
4205
932
937
4222
960
4216
4108
4171
919
4213
1003
7583
938
7573
7616
7584
7606
7574
906
11982
11935
11938
11949
11975
6928
11970
6914
11945
11937
20116
20119
20110
907
6894
949
25143
12361
25125
25101
25133
6887
5049
31434
951
13426
987
22448
12353
6913
34709
12355
34704
22471
12359
33614
30475
34726
29857
46890
46907
32439
46904
46903
39700
47553
27603
47577
47558
47582
55236
30501
55229
55208
20967
55235
55207
55489
55495
55494
55505
55498
55491
55490
55502
30504
30481
60872
67130
47298
5050
66696
32403
