57505
0
13676
19326
19357
39838
57506
37490
430
57504
13595
57502
10815
13663
13677
19898
57507
57540
57497
38248
13589
13700
38265
13694
13664
50311
4655
1303
4666
13580
57561
57532
57535
19282
38247
18115
13582
50271
19904
19903
57542
13685
57522
19355
39840
57512
57528
38267
2232
9883
13605
57513
13600
6296
6316
39810
57508
57545
4773
57534
6746
57524
4703
4879
4664
57526
57546
13575
13570
4707
4755
57510
39818
13681
39841
4377
50306
39827
50321
22193
13568
39833
10341
13597
4710
57544
57531
57525
57509
38252
13621
57514
19253
13584
