57526
0
4755
13681
19355
38246
13568
19326
19904
13588
13582
57508
57503
19357
57504
13621
19898
13685
57559
57520
57532
57506
38248
57545
13584
13700
65363
19356
50317
65381
65347
65409
65383
50312
65364
65389
65349
65385
65365
65378
65404
65351
65410
65355
65394
65348
13576
65352
32707
65354
65362
49453
18098
65386
50273
13686
13586
19281
65356
50298
38249
65397
65366
13628
65350
65357
65370
65353
65384
65391
65346
49472
65372
65399
65390
65380
65411
65376
65371
65359
65369
19274
13572
19366
71425
49183
