58
0
59
78
112
39
107
30
56
99
79
10
26
71
80
84
130
141
63
160
76
111
122
74
62
82
2
102
126
90
18
15
137
119
55
136
68
42
14
127
92
93
144
38
101
157
3
37
154
94
45
123
156
0
44
4
85
53
113
61
69
173
1
161
128
116
5
114
51
40
91
155
16
105
135
77
20
31
98
124
109
12
140
115
52
24
46902
938
20087
46943
11956
11958
4103
20097
7563
46921
4205
29857
46915
45046
7583
32406
46947
7564
906
20109
38193
22425
47295
959
22433
47286
25145
47288
16728
47274
30475
47264
47296
47267
47294
4154
20081
47272
47282
4198
4216
47320
32462
39700
45013
47266
7605
36430
39249
45011
6935
47314
47301
4196
6944
47310
47323
7598
18524
5170
40000
7580
3120
12361
12354
7584
4069
36433
47562
70149
66701
70163
7600
930
36429
36436
66705
66695
20105
45014
70141
22429
70139
40001
39692
32477
70136
70148
70146
70152
20082
45037
34396
32564
970
898
34391
