580
0
431
512
542
494
440
480
575
550
444
625
467
525
618
541
504
503
548
443
486
493
483
473
570
479
482
533
452
451
468
460
456
516
33357
33373
33348
33391
7836
33340
33351
33359
16538
33296
33388
33380
33354
33387
33312
33332
33307
33323
33364
33338
33303
33304
33333
33352
33365
33328
33344
33297
33330
33346
33318
33399
7868
33325
33320
33301
33311
33324
33306
33347
33355
33360
33371
33339
33334
33331
33374
33345
33314
33317
33381
33363
33337
7908
33310
16507
33313
58884
58898
17516
58917
5243
63992
63990
3905
63994
63991
6825
7953
55594
1336
63999
63989
