58147
0
19340
58166
45753
20029
58148
4960
13636
58164
58173
58159
58133
58211
19277
58199
4377
58169
58182
49120
49151
58167
33512
58201
58162
49140
58157
58132
19258
39825
20017
16777
5821
58155
19301
58200
39806
58181
58175
58149
58168
58163
25687
45752
6246
47164
27428
58145
3336
19267
4896
20009
49127
58156
39826
13612
58210
13644
1317
27572
58142
19271
25690
58154
58185
58160
13569
19307
58213
58141
4879
19256
58170
38475
58153
10815
6318
58144
58183
58212
58180
58158
4664
4703
49176
16776
39845
