58158
0
33512
58147
39826
49127
58185
45765
58150
19307
16777
58200
4960
58144
13569
38475
58168
58151
19271
25687
45753
4703
49140
58145
49120
19267
39845
39825
4377
19277
20017
58166
58159
58167
3336
58142
6318
27572
58163
16821
58173
13678
58182
39806
20029
19340
47164
49176
58169
58197
19256
58195
58210
58207
58170
58219
58134
58183
58148
58160
58143
58176
17869
19258
58154
58162
25690
58199
58211
10815
16776
58180
19283
58213
58164
58141
19336
58156
58153
4896
45752
19263
58155
58172
6246
13612
20009
19007
58135
13644
58152
5821
58212
13656
58132
58133
7836
