58157
0
27428
16776
526
13678
58149
4879
19266
13656
13709
3336
58147
58170
13569
58135
58191
19301
58185
2009
13644
19317
45752
19267
19352
58209
20017
58142
13603
58146
27436
49120
16821
10815
33512
27572
4703
13659
4664
39826
25690
58175
49127
19257
19007
6246
4960
47164
58179
16777
1317
38475
49151
45753
13612
25681
19311
58181
20029
27431
20009
58188
19307
19256
46124
3938
6318
713
58159
19277
13636
58182
5821
58156
4896
49140
19340
45765
13705
19264
27430
4885
13618
4731
4707
19292
4655
45755
19018
65621
13590
19338
2324
65615
19365
13650
13676
2291
13639
4926
19355
19254
65610
13595
65625
39820
2241
13568
39802
39574
3566
850
4773
27429
4710
13635
39602
65614
430
19280
4702
65612
2913
50437
65609
65624
13663
1651
19252
13566
13671
65620
13641
13674
2254
65623
39799
6244
4666
19895
