58398
0
58399
4879
18469
4655
4717
58420
7471
17919
13640
8369
17928
36922
36868
13698
802
36881
17918
25701
58406
17896
430
17887
13684
58423
13674
58411
3588
18466
4926
13705
58421
4664
3525
58410
8464
4707
13595
10815
58434
10341
13641
13675
58400
58431
58408
6617
4935
17885
18461
13609
58430
58459
58463
13635
17921
18457
42580
6693
50953
59740
17933
59735
59734
59818
59846
59772
59720
33199
54534
59780
59749
18462
59727
13697
65632
4703
1030
18465
54214
2241
65618
65639
13625
65615
8080
2049
19379
13701
65629
6318
65640
3487
18458
17930
13601
3501
5578
68572
3444
25223
68571
8363
37494
68568
68566
68567
25194
4777
25222
68584
68574
