58718
0
58719
58730
58765
58746
58713
32367
58777
58825
58722
58728
58761
58823
58859
58715
58751
680
58741
58758
58826
58837
58737
58750
58806
58748
28887
58789
58721
58772
58724
58754
58734
58712
58843
58790
734
58753
58788
58778
58720
58769
58733
58726
58768
58723
58799
58735
6391
58830
58819
58764
58785
58739
735
58807
58784
58749
58763
58822
58803
58740
58791
58798
58835
58767
58738
58814
58831
58801
58828
58717
58731
58820
58773
58732
58727
58774
58842
58756
58804
58782
681
58813
58747
58729
58757
