58751
0
58761
58743
58755
58806
58739
58740
6391
58766
58759
58733
58770
735
58830
58758
58787
58768
58738
58763
28887
58836
58792
58795
58723
58748
58822
58767
9024
58735
58747
58757
58779
58842
58731
58750
58820
58814
32367
58726
58791
58828
58804
58837
58712
58749
58744
58736
58718
58799
58831
58788
58764
58752
58823
58742
58789
58859
58843
58774
58808
680
58711
58730
58785
58784
58728
681
58746
58801
58732
58826
58734
58724
58769
58777
58773
58715
58725
58719
58720
58778
734
58819
58772
58765
