58791
0
58792
58752
58837
58847
58849
58715
58762
58788
58851
58841
58822
58760
58834
58734
58787
58772
58716
58770
58724
58765
58801
58721
58794
58848
58723
58862
58798
58727
58748
58785
58864
58818
58719
58777
58729
58745
58753
58808
58731
58733
58763
58759
58722
58797
58843
58755
58767
58840
58775
58866
58836
58821
58809
680
58743
58784
734
58831
58711
58813
58799
58714
58835
58796
58749
58747
58730
58778
58844
58744
58776
58712
58793
58725
58782
58819
58736
58852
58783
58806
58863
58865
58737
58814
58802
58820
58861
58810
58795
58779
58826
58741
28887
58811
58739
58815
58771
58751
58746
58750
58720
58838
58732
58766
58757
58735
58781
58768
58856
58718
58807
58717
58758
58780
58823
58859
