58806
0
58757
58804
58820
58764
58730
58813
58736
58843
58787
734
58750
58719
58794
58823
58765
58752
58727
58720
58738
58774
735
58746
58717
58798
58836
58799
58785
58833
58842
58828
58714
58777
58821
58791
58862
32367
58835
58711
58718
681
58712
58753
58778
58748
28887
58742
58769
58751
58724
58814
58741
58758
58734
58826
58725
58732
58756
58792
58713
58831
58726
58731
58772
58744
58749
58808
58773
58775
58735
58747
58789
58795
58780
6391
58768
58852
58801
58723
58729
680
58740
58818
58811
58819
58788
58721
9024
