594
0
541
517
504
430
429
435
463
593
474
431
507
826
788
835
771
756
776
775
743
786
764
766
803
791
749
812
782
755
796
820
792
804
807
808
762
780
745
744
763
829
800
847
750
778
785
770
760
799
8052
8060
8082
8035
8072
8078
8048
8091
8057
8095
8069
8055
8130
8051
8047
8046
8064
8061
4662
8089
8034
8056
1374
8036
8033
8105
8120
4677
8070
8044
8054
8076
8081
7682
8068
8092
8110
8045
8079
8067
13371
7695
7953
13378
3444
7966
13372
4654
25680
25689
3448
4824
6688
25678
9839
2049
4912
20035
2904
19257
20037
25675
20024
31764
31771
31766
31780
31763
31770
31777
31773
31778
37092
37093
37085
4369
37121
37117
37106
37105
37104
37137
37090
37115
8274
37096
37084
13676
37118
37136
37145
5844
33389
37103
37111
37138
37082
37124
37141
37119
37100
37146
37086
37139
37153
7505
20462
2072
37091
37150
37102
37114
37122
37087
37152
37088
37094
30597
37108
37110
37133
37135
37147
37129
37148
35812
37089
20184
37134
3433
5848
37127
7994
37128
37131
37097
37083
37154
37140
8193
37126
27951
37116
37143
37132
37130
27953
37098
37156
37120
37123
37107
19289
37080
37113
37109
37095
37112
37144
40121
6679
7867
713
13635
49586
32694
26913
41260
41261
50651
38822
50663
50661
50652
50654
50648
50660
50659
50671
50662
50673
50676
50703
50726
50658
50682
50706
50674
50650
50681
50700
50685
50683
38825
50664
26912
50690
50665
50656
50697
50688
7938
58989
58986
58970
58969
58965
8017
58951
58978
69360
18472
69352
69362
69353
69359
69364
69365
17900
74456
10346
6316
10341
74438
8369
74536
26773
51096
75612
75616
75618
75617
75615
