5959
6
6002
5993
6053
6051
6039
6060
6030
6024
6035
5983
5967
6063
6104
6013
5997
6059
6004
5984
6003
5963
5960
6005
5989
6023
6044
7407
14097
14076
803
1807
2945
12425
14093
14151
14080
14094
5762
22120
22071
2302
4766
2291
713
24357
24343
31789
31839
31859
31842
31821
31878
31814
7649
31806
2321
31830
1764
34196
34216
34220
34226
33031
34219
22364
34215
14643
34237
34230
34195
34240
34238
7979
34236
34242
15807
34212
34199
4859
14622
7641
26144
2899
20755
3880
7395
51703
49790
50122
43922
51700
