60038
0
60039
32800
59973
60085
59962
60041
60031
60017
60090
60080
60019
60034
60067
59985
60030
60068
60024
60025
59975
60011
59999
60092
60087
60108
60058
60084
60010
32803
60054
59974
3422
59983
60093
60128
60081
60008
59992
60029
59972
60020
59982
60136
60021
60061
60106
60071
32808
60001
60004
60124
59981
59994
32807
60057
60005
60032
32798
60006
60042
60003
60016
60091
60055
60112
32816
60059
60076
60121
60079
60053
60115
60048
59961
60014
60049
60007
60002
60060
59722
60033
60099
60073
51856
32794
60107
60074
60028
59966
