60197
0
7712
60183
14710
24332
40590
12786
60194
35883
24334
3938
53118
60192
713
24325
20738
60176
12810
41800
4578
53117
12785
60187
3967
1680
24339
53210
13690
12665
60185
53001
60252
60237
60178
16464
10157
21926
22280
14741
6155
49708
53114
60199
22780
60212
60275
7958
35888
60186
3905
10918
36079
5290
20479
60234
14206
60177
60204
12816
17100
12781
64515
2996
3880
64513
64525
64504
64486
62071
64459
64514
64466
64469
64492
49756
7957
64480
64481
28649
7966
64496
24350
64491
22386
64473
18080
6624
