60586
0
2324
1734
485
9633
4845
4693
65467
65479
28415
19918
65493
38871
38439
38432
9919
4667
65507
65515
65524
24493
65422
65528
65522
65496
65434
65471
65421
61997
65476
65429
14710
65510
65501
65512
65436
65456
65435
65455
28553
65487
65480
65460
65490
58980
65514
65453
65506
65513
65466
3877
65452
65423
65473
65531
65470
3658
65548
65540
65439
65450
65430
65468
65516
24462
65552
27010
65465
8107
65461
46390
65464
65492
65482
29810
65525
65477
65451
65500
65454
21882
31376
21856
65568
65457
65438
65529
38884
