60616
0
60617
60621
60615
60649
7860
2026
4382
60637
60647
2291
60642
60623
17483
60633
2062
60640
19036
2067
60638
60657
60627
60629
2226
60624
4406
4403
2984
2237
4380
499
60622
60658
2274
2249
2333
60619
60611
2042
2317
2305
2102
2021
60644
2234
60614
60666
60609
2111
2238
60626
60641
60630
60612
2070
60632
60645
2038
60653
2900
2224
60660
60613
2256
60628
60625
60631
4460
4453
4365
2231
3425
4467
37772
4436
4435
4448
72520
2330
2990
4385
2223
72518
2269
4415
4379
2259
12325
2359
4418
4413
2353
2295
16768
12338
2245
