60855
0
55207
88
60868
18485
45
20109
125
55248
123
60845
13
158
938
11938
30481
20982
57
27
38
75
128
50
137
25123
7565
144
93
20086
906
68
46914
34704
86
959
55236
85
60854
99
4216
12361
47269
30501
7
4108
6
9
92
25
17
59
46927
47582
11958
60829
18
55229
81
11939
55496
46
7587
25118
34726
55227
55215
32439
60872
151
55491
55490
45046
30504
90
162
80
77
46929
91
46899
67010
67107
11982
18515
55241
55220
48
67112
12377
46913
55251
67125
7564
67121
24
55219
34696
157
55228
25133
11937
107
31434
7574
37
67110
145
46925
55489
46918
132
55214
932
2598
55237
6477
55212
152
70044
5792
3120
18539
4334
9635
5272
50016
4105
9624
22454
6452
3240
5333
3160
55235
4225
47577
5028
70038
2248
70035
3183
12353
27618
139
27616
159
1
20966
34548
70204
13535
1303
70225
930
12750
50058
5327
70291
31441
46640
16
70304
31450
72996
34721
72974
72977
32403
72972
35242
55217
30475
72987
72968
