61619
0
21194
31262
43470
16271
61654
9995
21070
61650
61655
61661
61658
21162
43463
61680
21150
43481
22705
61657
61624
12444
31303
61630
22724
45155
22704
46982
21109
22710
43477
61628
61634
61623
61645
10001
45177
22726
43504
61652
47015
43468
46995
45168
61616
22721
47000
12922
31345
22701
9987
22716
61625
61682
61627
22702
61629
4805
10005
61618
61644
22720
61641
21145
22703
46990
47004
9986
61642
9985
61633
61676
22715
43457
21116
43482
9988
22711
61636
61632
61626
22717
61620
43459
45165
45163
45175
61622
22709
43469
31261
45166
46997
72852
72848
45183
9994
72853
72847
72851
72849
63735
