61644
0
22725
22702
45162
61630
61623
43470
61677
61641
21109
9987
61681
61616
61622
10001
61662
9988
61670
61671
9985
61672
61652
43463
45175
61649
22701
22724
21150
61619
61675
61663
45177
31262
21194
22717
31046
61697
61617
61658
22716
61633
9995
12922
21116
61690
22715
43482
61667
61666
45189
43457
61629
61638
22703
61660
61686
61685
22721
61695
21145
61640
10005
43481
9996
43504
4805
45156
46982
61653
45164
61624
61631
22705
12444
21070
61689
45155
45157
61665
45163
61628
61694
61654
9984
22704
61626
21162
22726
61647
31345
9986
61637
22710
43477
61657
