61764
1
61720
61725
210
61759
61730
39137
61722
1606
61786
406
11111
61743
61787
61791
61740
61793
61713
61788
61778
61718
39685
61708
48495
61821
691
61726
1478
5246
61736
56124
61703
61794
61744
61712
61753
39662
355
12211
362
36282
61704
61721
61748
190
61709
61755
61705
61728
61801
48418
61749
61814
61723
61717
61719
19169
61758
1055
61754
61737
61706
61732
61716
61711
61783
661
61830
61766
61803
57078
61770
48505
61751
61796
229
61767
61735
61742
61777
61769
1519
8765
10369
213
61802
48417
61710
61714
61750
58553
61727
61775
61702
61798
