6237
0
6272
2301
6317
6304
2900
2009
2013
6252
4680
1675
3471
2908
6356
2309
3491
6264
6328
3469
1374
6261
3490
6275
6238
1603
6273
6236
2127
6239
826
6283
6316
2230
6278
4719
3536
6259
3420
6312
1656
3464
18322
20456
12785
34027
518
856
2291
8107
4658
803
19984
2996
34042
11736
20450
659
2987
2256
2936
38405
20015
3545
41281
4394
526
4404
19982
27330
43969
19961
1724
7486
43924
26287
7646
19954
30390
4859
26775
7398
16839
7687
7439
454
34070
19966
41388
26900
4429
45989
19965
45986
2914
33223
7650
58894
26953
4692
7710
58886
2361
13559
7694
7695
23297
58910
7678
7685
29524
7727
4662
7642
498
58903
7654
7647
2145
18658
37081
4008
59529
1303
59510
1782
33249
2903
59499
16263
59505
16222
24149
59477
59549
59523
59551
59514
2909
16297
48721
59492
26946
26894
16237
27947
10743
59488
19938
8260
2302
19944
19987
7491
4386
20056
24456
70069
26338
16755
70062
19974
19991
2038
10767
7405
16782
26291
38390
528
19976
20061
2310
70070
10799
68124
10805
