62444
0
62469
31081
7783
62506
8353
62453
62445
7659
62440
62436
62424
62428
62481
62470
31083
62448
62526
62429
62433
36507
62430
1578
62427
62451
18322
62458
62425
9050
62457
62465
62446
11765
12176
7396
31308
31259
62449
62459
33258
31296
62467
62500
7426
62460
7335
62473
6078
8013
2225
61536
62485
62431
9016
62503
31237
62550
31571
62464
6755
62450
31065
31093
62483
31252
31247
52256
701
8993
3667
66882
1064
52252
9009
66855
9002
31334
9042
12193
66816
66833
31234
52224
9012
7269
66860
66887
66825
243
