6246
0
6247
6318
430
6244
6296
3490
19285
19287
13674
3336
19369
19310
2124
19293
19326
19330
19284
19373
13588
19335
19290
19340
19264
19288
19258
3293
4755
19305
19007
13650
19357
19269
19367
13605
19351
19297
19300
19378
19327
19333
19322
19304
13581
19257
19263
19355
19308
19266
19323
19280
19319
13644
2280
19283
19314
19276
19254
4377
19301
19315
19270
13634
13569
13597
19296
19267
13671
19361
19272
19336
10815
19313
19312
19259
19332
10341
19282
19354
19331
19256
38265
4664
39845
13666
38250
4659
4369
4855
25687
15164
33512
39573
4703
13589
39822
39806
13639
4879
39796
4666
39831
13595
13599
13723
4846
13580
57497
4773
57524
57514
50306
13600
58180
58185
58179
45753
58215
13612
58157
73173
45494
45528
38238
73175
73185
49499
49424
13572
50264
73189
73178
73180
45495
