6254
0
3536
4696
3490
3497
3507
2013
4719
6252
2230
3464
3469
826
2301
3549
4689
3471
3470
2127
4670
3538
3491
6327
4717
3502
2009
518
3521
586
3544
2047
3478
2326
3463
3516
3485
2124
3482
3531
3513
4414
3511
3505
31130
3519
3545
3534
540
12138
4705
3467
26553
2242
3481
2297
3462
16790
4700
2914
43979
3483
4407
44007
3527
2243
3537
3479
43974
14076
3484
26308
43993
24954
4675
43980
3492
19010
4764
43978
43982
20032
19023
2241
2012
51678
1369
1347
701
3394
2291
802
2008
51653
713
1336
3515
7710
4394
3550
4870
2987
1764
3489
3526
4658
13283
30087
7429
4383
10939
16766
12671
5243
822
3880
