6298
0
3497
2009
6330
6323
6252
4719
6279
6303
3588
430
4689
4696
2301
2230
3490
2064
6333
3536
6278
6246
3502
4670
2127
3469
3470
3464
6312
2013
1656
4718
4680
3507
3471
6266
6352
2027
3538
4770
2023
4858
2908
6317
4717
3549
6245
3491
2250
6301
39611
2333
2255
35471
3461
39626
2012
22120
4383
4703
12885
10815
2689
51498
54517
3325
54518
2037
54513
17885
13705
36881
13625
3416
3433
3346
1807
36905
16494
54542
15465
2008
4935
9838
17918
54536
36922
17896
6617
3525
6693
54548
9877
36874
4859
472
2241
16739
10420
2074
464
540
1386
2246
2353
40450
3537
2124
469
4870
4414
3466
4903
506
3423
2242
3535
3531
3485
3467
5243
3511
3473
3516
2291
4694
4384
2243
41072
4764
4700
2029
4416
20044
2306
3521
4665
2047
3478
19015
3462
26553
4667
2279
2326
12138
3468
3489
3545
3483
2067
16740
4875
4683
16768
5650
2076
4675
