6327
0
3490
6242
6264
3507
6262
6317
1374
430
6254
2900
2230
2908
6232
4719
6312
6260
6269
6252
6240
6236
6235
6273
12959
4693
12294
12298
12957
2935
2226
12320
6081
12964
12295
12293
12301
12304
12962
12966
5638
12309
7660
26042
26043
26065
26075
26006
26022
15885
26031
26037
26024
26081
26009
26020
26015
26005
26056
26004
24189
9944
15425
26047
26027
26045
26055
7442
26073
18659
26029
26008
26039
26025
26035
12341
26012
26067
26030
26014
26038
18581
40749
40756
40825
6663
2321
40807
21318
40758
40772
9678
20032
6662
2124
27330
4404
41388
26900
19966
27296
454
19982
45988
4859
46054
2914
4394
41414
7439
16359
61535
12306
7668
12289
41384
