6375
0
735
6397
6401
6381
6380
6372
6370
6391
732
6407
6376
6385
6374
6405
228
1090
37068
37023
37033
37066
37015
36992
37008
37000
37058
37018
37045
37073
37059
30814
37034
10116
37057
29103
37046
37024
36997
37060
37016
36990
36989
37063
37044
37031
37030
11212
37012
10191
37055
37032
37070
37038
10146
36740
37035
16694
37054
11190
37076
37010
37021
37075
36993
37043
37028
37036
37056
37017
37042
37001
37025
37047
37039
37069
37049
36996
12215
11191
37067
37040
37004
37022
37011
37007
37037
16684
37061
9013
37014
36712
30790
37009
37026
37077
37006
36998
14085
37065
37041
9434
36991
37074
12201
36994
37053
1053
13797
37072
37052
37020
37027
37048
37062
37019
11100
37013
37002
36999
37005
37051
37003
