6380
0
6381
6385
6397
6376
6407
6373
6384
6370
732
6401
6375
735
6402
6374
6382
6369
6405
6624
1912
34258
727
676
34250
34294
34309
12648
34293
647
34318
12634
34277
23150
34259
34303
34286
34358
34289
3880
34253
34304
12994
723
12666
3966
649
34308
34301
18129
34302
34313
736
10147
34272
216
34252
34273
34317
34271
13846
34251
667
851
34319
34320
34288
34279
34275
34325
12640
16509
12635
34249
34314
34270
34307
733
34326
669
34256
229
7958
11067
34290
30611
716
36261
1519
243
737
672
36286
693
654
12642
12637
36287
688
682
36280
11599
23153
9037
284
23142
702
721
36278
5213
663
8540
690
20313
1530
1958
36273
698
3811
5200
706
31911
36293
725
10835
13830
687
36318
1887
10898
712
36281
1870
12529
5246
651
23903
1548
36260
37021
37057
37046
37025
37041
36712
10146
37016
37036
16694
37038
37009
37060
37054
1090
36995
36990
16684
30814
29103
37053
37022
37049
11190
37059
11100
30790
37004
37010
10191
37034
37015
37062
11212
36988
37033
1053
37005
37058
37017
11191
37027
37077
37020
37011
37019
36989
37040
37061
37078
37043
37007
37030
13797
37067
12201
37000
37039
37068
37037
37031
36740
