63888
3
41753
63844
63900
63892
63933
63925
63887
63882
63970
63839
63873
63883
63951
63903
35660
40861
63870
63945
63855
63910
63946
63906
63897
63866
63881
63856
63885
63878
63973
63865
63879
63909
63901
63907
63961
63924
63941
63926
63867
63861
63956
63874
63902
63944
63959
63854
63932
63912
63864
63960
63875
41635
63967
38563
63843
63877
63963
63955
63918
63949
63899
63841
63975
63934
63962
63947
63953
63938
10560
63898
63919
63886
63876
63937
63905
63972
63891
63920
63968
63889
63942
63860
63913
63857
