6401
0
6376
6397
6391
6381
735
6405
732
6407
6380
6372
6385
6370
6374
36740
36998
12201
37030
37027
36712
37052
37009
37033
37023
37004
36994
9434
37020
30790
37005
37056
37063
37059
37057
37028
37048
36997
36990
37074
37035
37017
37014
37006
37077
37034
37036
37022
37070
11190
36996
10146
37069
36993
37047
37039
14085
37011
37044
37053
37000
37076
37021
36992
37015
37062
29103
30814
37058
37072
37019
37066
37067
37025
16684
37002
37013
37008
11100
37065
10191
37042
37018
11191
37040
13797
1090
37049
37031
12215
37003
37043
37041
37073
37010
