64068
0
64069
64076
64066
64110
64205
64197
64092
64063
64176
64133
56541
64161
64198
64106
64190
64119
64126
64113
64163
64081
64085
64231
64105
64184
64128
64220
64245
64089
64208
64164
64073
64194
64148
64115
64088
64149
64123
64223
64174
56588
64218
64224
64111
64064
64186
64255
64199
64150
64155
64080
64096
64213
64178
64158
64072
64254
64200
64160
64077
64083
64211
64192
64094
64144
64215
64091
64136
64181
64263
64240
56554
64242
64124
64125
64114
64143
64135
64165
64232
64090
64127
64168
64079
64103
64074
64183
64249
64201
64151
64212
64202
64121
64169
64132
64098
64154
64078
64152
64147
64145
64109
64067
64207
64140
64214
64236
64210
64248
64071
64139
64159
64095
64189
64100
64086
64157
64191
64084
64120
64101
64188
64087
64141
64217
64070
64193
64195
64241
64097
64167
64156
64134
64130
64137
64099
64122
64166
64185
64065
64138
64107
64175
7974
64117
64171
64226
64182
64116
64082
64177
