64066
0
64067
64125
64121
64206
64220
64237
56588
64177
64225
64097
64152
64226
64107
64165
64147
64191
64198
64072
64115
64071
64212
64236
64176
64074
64192
64204
64154
64181
64166
64084
64126
64079
64157
64092
64099
64095
64213
64113
64168
64231
64211
64087
56554
64214
64151
64190
64085
64116
64068
64163
64114
56541
64137
64194
64128
64232
64141
64135
64199
64083
64245
64188
64131
64138
64148
64101
64195
64201
64210
64139
64140
64124
64127
64090
64136
64089
64100
64159
64161
64109
64120
64169
64218
64173
64193
64111
64080
64098
64156
64184
64249
64216
64077
64207
64172
64076
64069
64164
64063
64222
64178
64132
64065
64217
64119
64146
64182
64134
64150
64145
64254
64103
64122
64240
64105
64155
64073
64253
64187
7974
64208
64179
64144
64082
64167
64130
64158
64106
64174
64091
64171
64223
64143
64255
64205
64123
64189
64250
64183
64096
64160
64224
64248
64180
64142
64215
64202
64185
64186
8416
64086
64117
64078
64242
64149
64200
64133
64088
64081
64175
64094
