64079
0
64155
64152
64243
64092
64068
64158
64124
64262
64089
64084
64101
64188
64231
64193
64098
64187
64085
64091
64171
7974
64067
64142
64153
64176
64140
64213
64184
64078
64174
64081
64123
64242
64095
64245
64177
64164
64206
64070
64069
56585
64071
64205
64228
64191
64143
64192
64099
64151
64116
64200
64185
64202
64195
64106
64215
64130
64169
64122
64172
64212
64094
64119
64194
56541
64247
64141
64083
64065
64223
64120
64149
64134
64073
64259
64136
64126
64087
64236
64217
64077
64063
64096
64137
64133
64257
64117
64198
64150
64156
64201
64090
64254
64220
64080
64160
64183
64207
64167
64088
64135
64238
64182
64072
64139
64154
64082
64109
64241
64248
64199
64161
64224
64218
64214
64121
64074
64189
64111
64145
64144
56588
64232
64208
64128
64107
64258
56554
64115
64064
64105
64086
64132
64163
64226
64113
64178
64210
64240
64165
64112
64127
64066
64125
64138
64190
64197
64250
64157
64249
64103
64110
64148
64100
64186
