64070
2
64071
64187
64109
64179
64115
64098
64214
64150
64157
64225
64252
64100
64111
64254
64217
64080
64216
64124
64200
64083
64141
64193
64229
64178
64069
64263
64136
64146
64138
64175
64134
64110
56554
64099
64114
64065
64117
64209
64094
64144
64127
64237
64130
64180
7974
64222
64202
64079
64107
64081
64212
64132
64119
64197
64256
64224
64121
64169
64078
64171
64213
64105
64145
64139
64088
64199
64073
64149
64163
64101
64085
64223
64159
64095
64064
56588
64137
64129
64122
64084
64087
64172
64235
64241
64173
64186
64082
64091
64072
64191
64205
64125
64226
64206
64207
64160
64177
64077
64089
64174
64156
56541
64221
64181
64190
64068
64189
64074
64165
64211
64192
64142
64215
64143
64219
64242
64194
64103
64231
64147
64090
64112
64201
64128
64161
64198
64208
64195
64154
64182
64152
64218
64236
64170
