64087
0
64088
64069
64108
64153
64244
64109
64164
64095
64152
64209
64261
64078
64105
64136
64085
64070
64064
64065
64254
64262
64194
64151
64173
64091
64100
64208
64149
64084
64132
64124
64118
64161
64189
64196
64197
64236
64232
64218
56585
8416
64072
64083
64142
64141
64150
64090
64143
64180
64096
64112
64131
64080
64214
64133
24574
64119
64225
64202
64123
64247
64255
64160
64144
64140
64071
64146
64074
64172
64188
64099
64258
64229
64122
64154
64215
64159
64213
64210
64248
64237
64117
64145
64227
64199
64231
64191
64129
64238
64246
64239
64168
64183
64138
64185
64111
64098
64165
64169
64116
64206
64182
64263
64220
64147
64079
64230
64198
64156
64235
64158
64082
64217
7974
64264
64193
64221
64148
64101
64086
64103
64128
56588
64081
64174
64135
64126
64170
64242
64104
64192
64178
64177
64190
64216
64212
64187
64241
64073
64226
64066
64137
64163
64251
64139
64130
56554
64200
64224
64207
64094
64076
64179
64252
64068
64077
64089
64162
64201
64166
64203
64171
64107
64115
64211
