64091
0
64105
64147
64194
64213
64201
64068
64231
64215
64177
64143
64066
64101
64095
64106
64226
64154
64156
64164
64097
64243
64096
64250
64142
56588
64125
64138
64220
64084
64205
64242
64199
64103
64082
64078
64073
64135
64212
64202
64186
64139
64072
56585
64167
64174
64149
64140
64240
64085
64083
64223
64070
64086
64198
64160
64137
64183
64169
64209
64254
64161
64134
64148
56602
64074
64188
64120
64258
64087
64182
64098
64210
64117
64071
64124
64185
64141
64133
56554
64113
64217
64144
64155
64184
64191
64109
64111
64092
64172
64200
64192
64115
64063
64081
64080
64077
64208
64195
64112
64067
64151
64088
64176
64090
8416
64197
64079
64249
64171
64207
64157
64123
64121
64107
64119
64116
64069
64145
7974
64187
64126
64214
64128
64150
64236
64100
64163
64255
64190
64224
64218
64127
64159
64132
56541
64238
64165
64232
64158
64257
64099
64245
