64103
0
64209
64068
64066
64137
64199
64169
64218
64189
64235
7974
64159
56541
64254
64157
64175
64256
64138
64087
64240
64145
64082
64195
64186
64200
64086
64224
64121
64105
64132
64135
64219
64249
64067
64107
64160
64191
64117
64119
64190
64124
56588
64161
64133
64070
64213
64207
64182
64127
64115
64123
64236
64163
64151
64155
64098
64178
64079
64085
64188
64180
64215
64229
64111
64226
64165
64214
64064
64131
64099
64164
64184
64078
64072
64147
64083
56554
64198
64144
64141
64134
64100
64143
8416
64096
64128
64150
64217
