64107
0
64108
64120
64071
64193
64069
64117
64097
64165
64225
56588
64072
64161
64180
64198
64217
64163
64136
64087
64114
64205
64215
64065
64190
64106
64081
64118
64212
64138
64175
56541
64213
64228
64206
64257
64201
64243
64139
56585
64237
64185
64230
64098
64156
64160
64221
64167
64162
64172
64214
64076
64092
64168
64109
64088
64075
64099
64187
64158
64090
64152
64103
64112
64128
64220
64166
64135
64066
64082
64073
64188
64219
64164
64192
64148
64131
64216
64074
64241
64095
64159
64113
64137
64194
64218
64227
64143
64085
64145
64068
64101
64254
64124
64153
64182
64067
64070
64169
64261
64232
64110
64183
64132
64130
56554
64063
64184
64207
64197
64236
64179
64226
8416
64123
64178
64173
64199
64177
64231
64253
64151
64127
64245
64121
64195
64250
64096
7974
64144
64242
64100
64256
64200
64255
64235
64249
64155
64202
64086
64115
64129
64078
64149
64094
64140
64147
64122
64154
64105
64134
64196
64133
64116
64125
64119
64229
64083
64222
64146
64084
64150
64181
64189
64157
64111
64079
64211
64142
64240
64191
64091
64077
64089
64171
64223
64204
24574
64208
64141
64174
64248
64186
64176
64210
64093
64126
