64109
0
64110
64151
64145
64205
64157
64132
64119
64098
64190
64063
56541
64199
64099
64245
64089
64197
64083
64185
64182
64115
64066
64150
64144
64178
64186
64077
64095
64116
64091
64188
64087
64125
64181
64177
64103
64148
64160
64198
64202
64072
64128
64223
64156
64140
64105
7974
64215
64142
64195
64084
64134
64236
64218
64189
64159
64200
64082
64078
64165
64143
64174
56554
64138
64073
64085
64249
64201
64231
64163
64254
64096
64224
64229
64071
64124
64133
64191
64123
64192
64169
64147
64111
64117
64158
64172
64074
64090
64141
64079
64214
64137
56588
64069
64121
64161
64213
64120
64226
64155
64149
64154
64207
64194
64086
64070
