64114
0
64115
64127
64157
64064
64200
56602
64095
64082
64133
64094
64149
64107
64171
64222
64123
64130
64098
64121
64154
64250
64176
64169
64119
64216
64110
64097
64183
64116
64073
64191
64117
64081
64065
64189
64088
64141
64202
64198
64240
64210
64220
64135
64184
64150
64102
64124
64120
64080
64172
64109
64132
64197
64099
64147
64086
64118
64192
64136
64195
64069
64178
64194
64091
64083
64063
64180
64156
64231
64253
64089
64187
64160
64254
64188
64111
64182
64243
64066
64131
64175
64138
64070
64126
64186
64229
64207
64113
64196
64068
64148
64185
64084
64218
64139
64103
64177
64201
64165
64242
64208
64190
64085
64072
64077
64079
64241
64164
64100
64248
64245
64213
64204
64122
64158
64226
64152
56588
8416
64206
64096
64106
64074
64125
64181
64076
64105
64217
64224
64151
64221
64174
64155
64128
64166
64159
64137
64236
64078
64205
64101
64215
64144
64142
64256
64199
64212
64223
64235
56554
64090
64134
64143
64264
56541
64257
64092
64067
64163
64214
64219
