64123
0
64124
64183
64138
64084
64133
64256
64174
64250
64096
64121
64206
64073
64169
64093
64195
64150
64185
64081
64088
64069
64143
64156
64164
64134
64225
64142
64091
64207
64173
64163
64232
64067
64136
64182
64215
64178
64089
64162
64082
8416
64220
64221
64065
56541
64245
64193
64092
64144
64190
64151
64083
64197
64212
64153
64148
64175
64066
64253
64145
64226
64113
64213
64218
64241
64125
64223
64199
64224
64192
56554
64165
64117
64208
64201
64158
64137
64115
64090
64077
64214
64094
64126
64140
64139
64112
64154
64222
64120
64248
64184
64194
64231
64119
64186
64243
64131
64160
64099
64111
64114
64152
64147
64085
64086
64187
64167
64171
64200
64132
64122
64166
64063
56588
64076
64177
64128
64249
64211
64210
64176
64172
64205
64080
64097
64157
64079
64216
64101
64257
64068
64072
64242
64180
64087
64103
64217
64188
64146
64106
64189
64071
64168
64159
64141
64255
64161
64181
64149
64202
64105
64235
64254
64074
64107
64116
64098
64236
64110
64100
64075
64130
64135
64078
64191
64198
64237
64109
64155
64240
64179
64095
64127
7974
64204
