64122
0
64100
64069
64212
64141
64138
64175
64127
56588
64223
64105
64078
64205
64159
64139
64142
64225
64103
64095
64094
64156
64080
64204
64143
64196
64068
64137
64166
64091
64201
64168
64221
64164
64192
64169
64165
64065
64145
64174
64190
64240
64191
64064
64093
64215
64077
64214
64109
64158
64128
64172
64112
64072
64202
64155
64207
64194
64131
64126
64066
64136
64188
64070
64082
64124
64213
64074
64197
64241
64123
64187
64147
64150
64254
64098
64119
64084
64218
64200
64073
64118
64076
64089
64195
64148
64189
64090
64111
64236
64220
64121
64179
64140
64071
64157
64113
64224
64182
64229
64110
56554
64219
64085
64216
64134
64133
64115
64222
64132
64135
64114
64130
64083
64125
64149
64199
64163
64081
64178
64087
64117
64209
64185
64154
64198
64096
64186
64235
64217
64171
64146
64193
64107
64180
64173
64144
64231
64250
64161
64226
64079
64177
64181
64160
56541
