64132
2
64077
64137
64152
64231
64171
64223
64169
64195
64103
64205
64182
64175
64126
64076
64202
64187
64172
64235
64208
64190
64110
64165
64090
64218
64106
64084
64220
64074
64176
64156
64088
64144
8416
64113
64164
64212
64155
64128
64197
64157
64142
64136
64201
64139
64100
64221
64078
64096
7974
64081
64181
64064
64248
64168
56554
64177
56585
64143
64179
64089
64199
64133
64242
56541
64123
64075
64178
64183
64200
64250
64225
64236
64111
64063
64085
64249
64117
64185
64159
64254
64070
64091
64145
64180
64228
64240
64083
64127
64194
64153
64121
64071
64095
64163
64073
64140
64207
64191
64067
64120
64069
64112
64193
64125
64167
64115
64253
56588
64237
64150
64066
64082
64099
64129
64087
64216
64196
64241
64206
64162
64245
64094
64210
64226
64189
64246
64170
64109
64258
64161
64080
64122
64101
64224
64146
64217
64135
64068
64154
64229
64209
64198
64214
64174
64086
64092
64130
64243
64222
64119
64147
64141
64151
64097
64138
56602
64107
64065
64213
64124
64149
64116
64072
64166
64184
64079
64188
64098
64105
64192
64204
64160
64093
64134
