64134
0
64074
64111
64196
64226
64121
64236
64132
64078
64075
64143
64089
64102
64107
64216
64191
64182
64114
64145
56554
64076
64175
64070
64166
64149
64221
64137
64165
64138
64146
64115
64194
64071
64125
64212
64213
64179
64240
64163
64195
64224
64168
64098
64064
64103
64188
64094
64147
64117
64072
64229
64241
64265
64069
64178
64193
64141
8416
64110
64127
64171
64093
64119
64255
64136
64198
64144
64079
64197
64096
64128
64105
64204
64222
64205
56541
64065
56588
64131
64214
64219
64187
64190
64218
64235
64083
7974
64159
