64135
0
64064
64189
64137
64161
64110
64099
64128
64156
64197
64152
64127
64084
64068
8416
64193
64097
64146
64067
64066
64147
64163
64151
64116
64177
64155
64125
64096
64090
64132
64115
64079
64224
64080
64214
64160
64187
64202
64106
64184
64123
64121
64105
64231
64101
64200
64220
64255
64118
64174
64217
64195
64166
64086
64180
64191
64078
64213
64241
64164
64113
64190
64069
64250
64222
64119
64226
64098
64170
64117
64074
64073
64232
64173
64139
64167
56554
64185
64092
64216
64179
64120
7974
64175
64149
64154
64162
64209
64134
64095
64126
64225
64157
64122
64168
64246
64172
64188
64107
64087
64221
64138
64063
64088
64176
56541
64199
64198
64131
64076
64249
56588
64114
64204
64083
64082
64245
64081
64159
64141
64178
64240
64215
64077
64171
64192
64085
64143
64103
64091
64124
64236
64136
64201
