64145
0
64098
64112
64172
64077
64080
64067
64214
64087
64192
64195
64108
64107
64237
64217
64198
64064
56588
64100
7974
64163
64161
64125
64124
64072
64137
64143
64186
64149
64138
64151
64165
64162
64086
64141
64066
64074
64068
64177
64133
64235
64231
64202
64213
56541
64123
64132
64247
64115
64095
64093
64212
64224
64152
64103
64091
64158
64130
64134
64253
64078
64236
64206
64117
64226
64156
64070
64242
64105
64182
64083
64216
64207
8416
64084
64215
64142
64171
64085
64119
64199
64144
64219
64174
64197
64116
64160
64079
64073
64071
64180
64063
64155
64159
64170
64248
64128
64218
64254
64229
64200
64191
64238
64194
64099
64169
64109
64190
