64144
4
64068
64220
64129
64164
64151
64177
64148
64098
64065
64240
64135
64119
64139
64182
64138
64168
64231
64100
64090
64175
64217
64157
64093
64154
64070
64134
64226
64211
64111
64256
64225
64156
64073
64146
64153
64078
64169
64242
64171
64200
64130
64232
64079
64248
64198
56541
64066
64147
64087
64083
64158
64149
64082
64214
64123
56588
64188
64202
64185
64074
64077
64124
64184
64155
64250
56554
64075
64099
64110
64081
64126
64141
64089
64080
64183
64180
64122
64222
64088
64204
64067
64219
64166
64259
64142
64094
64092
64113
64186
64205
64163
64218
64145
64199
64107
64170
64181
64143
64174
64101
64195
64091
64210
64132
64165
64152
64064
64117
64224
64114
64208
64254
64223
64095
64076
64257
64115
64103
64255
64125
64241
64161
64160
64193
64109
64112
64071
64197
64228
64236
64172
64192
64194
64137
64096
64176
64086
64179
64235
64121
64106
64150
64120
64201
64105
64102
64178
64063
64127
64189
64187
64207
64245
64084
64085
64216
64072
64167
64116
64249
64133
64128
64212
64247
