64152
0
64081
64257
64095
64117
64159
64071
64147
64175
56554
64164
64113
64242
64143
64214
64144
64191
64245
64106
64200
64150
64096
64125
64250
64174
64083
64100
64136
64133
64099
64156
64166
64088
64091
64142
64078
64197
64079
64182
56541
64101
64148
64130
64107
64114
64089
64119
64135
64116
64128
64068
64195
64139
64085
64138
64231
64137
64155
64190
64224
64194
64161
64141
64223
64184
64105
64181
64205
64213
64185
64172
64097
64069
64098
64126
64226
64066
64111
64151
64149
64178
64146
64188
64220
64084
64157
64253
64087
64103
64189
64198
64065
64160
64067
64236
64073
64183
64154
64115
64070
64077
56588
64206
64240
64112
64145
64127
64120
64086
7974
64186
64171
64082
64072
64123
64121
64215
64167
64211
64074
64092
64177
64132
64163
64090
64165
64158
64255
