64151
3
64195
64200
64079
64231
64133
64154
64171
56554
64106
64119
64063
64126
64165
64214
64113
64184
64127
64139
64095
64092
64115
64073
64064
64164
64224
64087
64132
64098
64150
64199
64078
64137
64262
64182
64138
64145
64117
64116
64107
64072
64198
64141
64067
64160
64083
64100
64249
64176
64144
64250
64242
64157
64188
64143
64232
64163
64081
64099
64161
64112
64103
64189
56588
64069
64203
64121
64169
8416
56541
64217
64105
64227
64155
64085
64210
64128
64220
64236
64159
64211
64209
64082
64208
64101
64120
64068
64135
64097
64167
64134
64207
7974
64226
64086
64096
64178
