64157
0
64088
64086
64078
64067
64117
64185
64207
64151
7974
64083
64250
64184
64182
64223
64155
64231
64220
64064
64198
64113
64164
64082
64128
64134
64208
64178
64121
64163
64218
64150
64063
64100
64213
64186
64199
64124
64224
64154
56588
64139
64240
56554
64141
64092
64135
64070
64161
64167
64127
64072
64101
64066
64085
64115
64171
64217
64123
64242
64126
64079
64138
64189
64097
64200
64214
64107
64143
64211
64205
64137
64236
64160
64176
64103
56541
64105
64226
64096
64212
64098
64195
64249
64073
64116
64159
64095
64188
64119
