64150
0
64116
64183
64080
64156
64174
64217
64117
64064
64182
64206
64121
64232
64249
64135
64223
64235
64091
64138
64155
64149
64123
64214
64157
64164
64254
64074
64147
64154
64169
64159
64109
64111
64071
64112
64240
64144
64090
64236
64152
64127
64085
64132
64119
64190
64198
64134
64167
64172
64086
64141
64079
64199
64195
64224
64166
64200
64231
64063
64070
64073
64125
64128
64120
64078
64114
64215
64175
64067
64192
64122
64115
64097
64162
64068
64087
64205
64185
64168
64255
64105
64066
64253
64110
56588
64100
64188
64248
64099
64133
56554
64171
64220
64130
64103
64137
64202
64126
64143
64151
64213
64081
64069
64160
64096
64077
64207
64212
64095
64163
64088
64250
64177
7974
64092
64242
8416
64191
64184
64098
56541
64072
64142
64089
64161
64082
64139
64208
64186
64189
64201
64124
64101
64084
64083
64107
64226
