64169
0
64215
64182
64201
64066
64208
64135
64084
64101
64164
56585
64209
64123
64211
64130
56554
64063
64207
64218
64143
64214
64184
64105
64085
64074
64195
64242
64213
64141
64111
64181
64127
64112
64157
64245
64249
64120
64205
64191
64068
64100
64190
64097
64177
64163
64103
64188
64090
64192
64073
64099
64155
64156
64144
64197
64124
64067
64116
64096
64071
64226
8416
64078
56541
64171
64149
64147
64167
64187
64220
64224
64161
64212
64250
64172
64186
64198
64210
64081
64236
64069
64257
64115
64199
64158
64138
64132
64133
64088
64200
64091
64092
7974
64121
64139
64107
64106
64194
64126
64238
64160
64189
64254
64079
64117
64183
64142
64109
64248
64080
64095
64070
64159
64174
64064
64140
56588
64072
64176
64137
64098
64185
64077
64134
64086
64231
64255
64119
64223
64128
64240
64151
64113
64082
64125
64150
64165
64087
64217
64148
64145
64232
64083
64154
64202
