64163
0
64164
64138
64146
64178
64214
64223
64245
64139
24574
64202
64161
64211
64167
64083
64113
56541
64073
64152
64085
64181
64105
64187
64092
64065
64128
64217
64109
64212
64116
64235
64174
64193
64107
64263
64143
64190
64130
64071
64226
64208
64095
64207
64186
64077
64258
64231
64072
64262
64200
64166
64213
64179
64242
64184
64204
64134
64155
64254
64195
64074
64252
64229
64091
64173
64096
64243
64097
64121
64237
64216
64219
64076
64222
64196
64063
64160
64103
64132
64165
64081
64221
64108
56554
64066
64064
64241
64126
64115
64194
64225
64210
64100
64145
64248
64224
64191
64119
64089
64215
64255
64117
64199
64177
64157
64168
64238
64192
64123
64180
64099
64188
64198
64250
64154
64067
64106
64147
64131
64125
64094
64069
64070
64080
64159
64101
64127
64149
64151
64240
64182
64084
64220
64112
64124
64171
64079
64111
64141
64189
64169
64144
56585
64078
64082
64201
64150
64185
64087
64197
56588
64140
64236
64090
64156
64122
64110
64068
64247
64114
64135
64249
64093
64098
64264
64261
64133
64102
64175
64075
64120
64218
7974
64183
64086
64137
64176
64088
