64170
0
64171
64252
64178
64163
64213
64073
64200
64203
7974
64263
64115
64212
64103
64208
64129
64254
56541
64161
64232
64067
24574
64087
56588
64235
64237
64258
64084
64182
64099
64190
64226
64214
64164
64127
64224
64139
64090
64113
64076
64074
64136
64176
64261
64088
64207
64239
64215
64155
64186
64109
64187
64135
64142
64144
64209
64198
64128
64096
64247
64086
64202
64217
64154
64065
64095
64134
64091
64201
64183
64130
64205
56585
64143
64225
64222
64063
64199
64141
64133
64116
64072
64151
64117
64264
64070
64077
64083
64194
64137
64211
64160
64159
64185
64169
64152
64140
64191
64120
64245
64250
64223
64195
64082
64241
64188
64150
64175
64177
64126
64071
64069
64167
64236
64098
64066
64220
64206
64227
64156
64094
64079
64210
64078
8416
64106
64080
64101
64157
64189
64092
64146
64125
64138
64124
64100
64255
64242
64068
64230
64064
64085
64248
64262
64110
64165
64244
64111
64108
64119
64238
64249
64097
64132
64107
56554
64145
64240
64123
64231
64121
