64179
0
64135
64213
64150
64257
64122
64240
64119
56541
64103
64085
64169
64206
64218
64112
64066
64079
64222
64133
64115
64236
64082
64125
64157
64159
64241
64109
64121
64095
64140
64105
64096
64123
64137
64127
64138
64191
64168
64074
64076
64117
64071
64149
64163
64226
64144
64141
64175
64188
64192
64114
64231
64187
64174
64072
64089
64128
64189
64142
64193
64078
64156
64235
64107
64161
56554
64214
64093
56588
64070
64143
64098
64195
64229
64111
64084
64180
64147
64194
64087
64130
64132
64178
64224
64198
64182
64171
64134
64166
