64186
0
56588
64123
64144
64133
64157
64151
64188
64099
64150
64120
64172
64068
64083
64127
64184
64065
64121
64191
64103
64073
64258
64250
64149
64236
64143
64169
64084
64190
56541
64214
64226
64213
64105
64134
64139
64159
64072
64107
64174
64086
64095
64066
64177
64154
64079
64141
64249
64097
64125
64119
64138
64096
64128
64163
7974
64198
64137
64085
64117
64101
64074
64176
64116
64091
64195
64217
64135
64215
64092
64202
64132
64156
64199
64178
64145
64194
64115
64077
64088
64082
64161
64200
64098
64063
64224
64165
64201
56554
64090
64070
64245
64240
64078
64080
64155
64189
64109
