64199
2
64101
64197
64070
56585
64082
64068
64262
64115
64174
64097
64128
64210
64242
64231
64116
64134
64089
64151
64126
64245
64106
56602
64156
64241
64088
64237
64141
64239
64240
64112
64127
64154
64213
64090
64149
64223
64073
64208
64195
64071
64098
64132
8416
64184
64105
64085
64113
64203
64133
64201
64190
64147
64182
64161
64074
64244
64171
64206
64252
64157
64191
64145
64205
64221
64207
64100
64138
64185
64119
64177
64083
64124
64167
64225
64160
64066
64220
64087
64146
64072
64176
64249
64099
64130
64079
64200
64254
64095
64120
64150
64084
64168
64107
64096
64255
64196
64204
64117
64137
64248
64186
64198
56541
64164
64238
64169
64178
64109
64092
64258
64165
64110
64122
64063
64078
64159
64069
64139
64263
64226
56554
64214
64227
64187
64144
64094
64183
7974
64123
64135
56588
64140
64143
64215
64188
64250
64121
64080
64212
64081
64163
64232
64192
64175
64209
64247
64125
64236
64067
64086
64189
64261
64217
64103
64224
64218
64155
