64196
0
64157
64205
64111
64249
64086
64122
64107
64134
64184
64087
64186
64199
64182
64139
56554
64226
64106
64123
64098
64070
64171
64200
64213
64071
64072
64236
64127
64114
64207
64160
64188
64208
64117
64088
56588
64137
64231
64218
64066
64128
64147
64151
64224
64135
64082
64079
64164
64110
64095
64161
64063
64141
64189
64144
64221
64223
64240
64083
64121
64150
64119
64187
64241
64132
64113
64115
64078
64163
64149
64129
64073
64085
64178
64254
64124
64198
64217
64195
64154
64116
64155
64214
64175
56541
64222
64096
64075
64250
64138
64229
64143
