64200
0
64151
64128
64139
64096
64145
64176
56541
64224
64231
64121
64087
64189
64072
64250
64144
64073
64078
64160
64182
64111
64171
64134
64135
64097
64232
64067
64127
64210
64150
64120
64103
64106
56588
64070
64098
64105
56554
64143
64184
64167
64155
64188
64214
64081
64064
64240
7974
64083
64185
64115
64207
64092
64245
64099
64126
64186
64088
64116
64195
64117
64101
64147
64082
64164
56602
64161
64217
64095
64236
64254
64223
64138
64198
64249
64137
64163
64183
64133
64220
64107
64079
64157
64132
64141
64178
64208
64119
64242
64205
64063
64199
64154
64159
64100
64218
64213
64113
64226
64212
64086
64068
