64215
0
64098
64123
56541
64107
64199
64194
64169
64188
64133
64141
64214
64243
64195
64064
64249
64119
64150
64134
64202
64079
64121
64231
64189
64120
64157
64076
64172
64183
64159
64149
64091
64066
64087
64161
64077
64137
64236
64224
64213
64096
64115
64068
64184
64138
64101
64178
64192
64177
64113
64095
64152
64072
64216
64100
64085
56554
64163
64245
64067
64090
64083
64103
64147
64180
64145
64135
64078
64082
64124
64151
64109
64089
64143
64156
64128
56588
64080
64122
64175
64186
64207
64117
64168
64154
64226
64166
64136
64084
64125
64092
64127
64174
64198
64074
64086
64155
