64214
6
64224
64161
64243
64113
64131
64142
64257
64189
64156
56602
64138
64124
64220
56554
64186
64158
64174
64064
64093
64248
64143
64192
64129
64222
64091
64204
64165
64166
64121
64256
64177
64226
64132
64095
64116
64117
64102
64178
64163
64083
64073
64160
64199
64193
64115
64245
64241
64213
64236
64216
64152
64072
64074
64184
64235
64223
64077
64194
64195
64137
64150
64090
64254
56541
64181
64076
64136
64120
64087
64207
64063
64206
64190
64218
64109
64175
64066
64187
64139
64071
64219
64069
64172
64096
64176
64065
64103
64092
64079
64118
64212
64148
64134
64067
64201
64135
64130
64081
64101
64202
64157
64154
64107
64085
64122
64149
64100
64183
64070
64179
64225
64151
64211
64141
64105
64133
64068
64200
64169
64168
64191
64110
64197
64119
64144
64145
64171
64082
64097
64159
64126
64098
64111
64198
64180
64253
64240
64127
64128
64147
64215
64094
64188
64112
64078
64155
64086
56588
64123
64099
64080
64089
64170
64210
64106
64125
64231
64217
64114
64084
64242
