64225
0
64223
64138
64142
64250
64144
64191
64205
64122
64069
64155
64199
64201
64084
64153
64116
64089
64083
64171
64079
64085
64123
64134
64184
64100
64066
64112
64183
64068
64086
64132
64198
64217
64088
64113
64208
64214
64213
64177
64103
64157
64063
64149
64228
64200
64237
64156
64075
64259
64175
64098
64240
64070
64249
64189
64119
64254
64110
64094
64146
64105
64067
56554
64212
64242
64215
64136
64081
64245
64207
64072
64082
7974
56588
64154
64150
64186
64124
64095
64092
64178
64141
64164
64160
64137
64130
64257
64073
64188
64167
64221
64140
64139
64127
64190
64163
64197
64174
64232
64065
64216
64224
64090
64135
64117
64096
64121
64109
64182
64128
64101
56541
64231
64158
64170
64147
64115
64185
64248
64064
64074
64226
64236
64143
64152
64145
64087
64125
64159
64071
64106
64241
64202
64192
64165
64107
64151
64111
64078
64206
64102
64133
64204
64161
64126
64091
64195
64193
