64236
0
64175
56554
64246
64125
64213
64188
64119
64109
64194
64149
64155
64135
64221
64216
64241
64199
64191
64151
64180
64197
64112
64217
64107
64091
64101
64231
64110
64067
64200
64189
64068
64075
64132
64192
64142
64143
64113
64094
64114
64214
64204
64147
64169
64229
64174
64195
64227
64073
64116
64145
64133
64071
64064
64127
64225
64206
64187
64255
64129
64179
64093
64224
64074
64186
64144
64177
64243
64124
64159
64171
64139
64235
7974
64087
64096
64100
64215
64088
64126
64123
64078
56541
64146
64207
64080
64089
64083
64138
64065
64178
64117
64070
64250
64172
64105
64081
64219
64106
64202
64190
64141
64166
64157
64183
64072
64134
64205
64137
64226
64066
64158
64122
64198
64182
64196
64077
64164
64092
64165
64082
64115
64176
64163
64152
64128
64085
64099
64084
64248
64160
64184
64121
64212
64103
64069
64156
64090
64150
64076
64095
64168
64208
64130
64086
64098
64136
64104
56588
64153
64120
64079
64218
64102
64185
64063
64170
64161
64154
