647
0
648
649
674
718
656
721
687
727
716
733
672
741
698
665
684
646
652
667
725
690
243
723
708
685
732
676
693
694
327
702
729
669
726
737
229
705
707
712
654
700
736
677
696
657
673
682
1877
1978
1987
1939
1973
1906
1933
1870
1885
1984
1878
1963
1883
1958
1861
1960
1966
1954
1942
1948
1854
1972
1922
1965
1874
1931
1936
1869
1911
1953
1917
1955
1851
1937
1879
1887
1910
1920
1908
1968
1912
1947
1856
1914
1858
1865
12648
34301
34275
34252
34248
6380
34279
34247
12640
34282
12634
12663
34318
216
34263
23150
34249
34271
13846
34326
14714
34313
34316
11067
34251
18129
34305
34319
34270
12635
34273
10895
16425
39026
23903
39048
5210
1506
1522
39030
39001
39040
3898
14284
39018
34990
39057
12641
39051
1463
1456
39000
39072
38980
39069
1566
39009
39010
39015
60552
3967
64267
822
20313
23183
23142
13790
809
13776
11025
12123
14315
4584
