6484
0
6485
6480
6476
4170
6522
6430
6438
6460
6498
6452
6417
6515
6490
6475
6461
6578
6445
6436
6456
3160
3169
6464
6562
6561
6510
6506
6421
6582
6491
6530
6442
6416
6487
6433
6531
6512
6579
6518
6534
6427
6457
6586
6497
6422
6459
6576
6548
3202
3120
3189
6585
6581
6470
6420
3264
3237
6434
6564
6504
6412
6477
6570
6419
4264
6439
6450
6471
6453
6557
4250
6483
6499
6447
3215
6413
6511
6503
6479
6528
6509
6431
6444
6563
4269
3183
6492
6428
6495
6505
3157
6598
6493
4194
6520
6566
6532
6577
6488
6440
6435
6411
6540
5272
6448
6425
6489
6519
6473
6545
