6492
0
6467
6529
6427
6434
6545
6447
6480
6531
6556
4286
3230
6553
6483
6464
6455
6429
6521
6465
6559
6566
6496
6466
4264
6495
6539
6560
6577
6594
6477
3169
6422
6441
6416
6419
6428
6512
6490
6590
6522
6423
3237
6551
6503
6454
6445
6554
4194
6518
6543
6485
3120
6450
6446
6535
6471
6526
6481
6581
6570
6411
6511
906
6436
6582
6540
3263
6472
6561
6479
3189
6493
6532
6440
6567
6488
6565
6578
6542
6468
6426
6502
6484
6497
6528
6456
6438
3202
6470
6517
6475
6414
3160
6541
6491
6431
6519
3183
6562
6458
4170
6524
6557
6452
6453
6591
