65117
0
65137
65138
65186
65172
65129
65250
65239
65251
65161
65274
65162
65217
65153
65144
65189
65210
65241
65205
65247
65199
65188
65122
65179
65115
65149
65131
65282
65116
65204
65178
65261
65242
65112
65139
65216
65125
65126
65222
65230
65227
65269
65132
65260
65127
65214
65177
65184
65170
65191
65266
65167
65208
65256
65148
65244
65157
65123
65285
65281
65203
27194
65152
65232
65111
65169
65130
65182
65176
65233
65211
65158
65240
65196
65164
65283
65156
65113
65276
65255
65146
65140
65320
65150
65154
65213
65277
65174
65297
65248
65160
65268
65120
65185
65279
65231
65187
65212
65124
65234
65134
65290
65114
65207
65200
65159
65173
65209
65155
22514
65215
65133
65128
