65128
0
65185
65210
65258
65125
65215
65269
65204
65148
65144
65153
65113
65139
65155
65115
65242
65200
65249
65147
65154
65112
65241
65165
65282
65182
65130
65239
65252
65152
65276
65174
65184
65208
65169
65231
65186
65248
65216
65290
65234
65124
65122
65114
65160
65117
65188
65196
65134
65127
65218
65179
65267
65240
65138
65187
65217
65159
65172
65150
65177
65156
65191
65173
65133
65195
65140
65202
65171
65205
65255
65211
65297
65149
65203
65256
65244
65238
65251
65164
65157
65120
65212
65170
65222
