65124
4
65112
65165
65137
65125
65244
65208
65203
65269
65123
65157
65173
65240
65179
65201
65134
65239
65182
65224
65114
65133
65131
65300
65161
65150
65140
65148
65215
65138
65276
65130
65132
65147
65187
65248
65144
65256
65228
65195
65126
65139
65212
65251
65128
65205
65155
65153
65185
65172
65282
65204
65178
65122
65188
65170
65230
65159
65177
65297
65174
65210
65261
65129
65191
65207
65156
65199
65164
65184
65149
65167
65154
65117
65127
65242
65152
65211
65222
65169
65183
65283
65113
65176
65209
65145
65202
65160
65200
65192
65146
65285
