65123
0
65151
65205
65199
65179
65228
65232
65182
65176
65252
65266
65156
65139
65125
65248
65187
65210
65223
65196
65132
65208
27194
65147
65154
65130
65201
65140
65159
65173
65235
65127
65137
65315
65146
65192
65267
65222
65209
65133
65218
65234
65164
65322
65124
65174
65200
65134
65152
65131
65191
65183
65167
65283
65177
65148
65207
65160
65189
65230
65227
65162
65112
65184
65206
65202
65282
65240
65117
65241
65212
65269
65122
65115
65169
65292
65284
65204
65211
65186
65276
65149
65297
65195
65215
65251
65181
65172
65261
65153
65114
65143
65224
65178
65161
65129
65166
