65134
0
65160
65188
65169
65228
65165
65140
65122
65230
65114
65200
65287
65144
65187
65186
65156
65249
65266
65176
65238
65202
65161
65157
65184
27194
65152
65117
65222
65265
65111
65125
65133
65132
65137
65123
65221
65130
65276
65207
65151
2544
65145
65113
65240
65159
65154
65172
65282
65170
65191
65269
65183
65256
65248
65212
65158
65155
65131
65112
65128
65300
65192
65139
65208
65149
65211
65283
65239
65237
65199
65120
65173
65147
65129
65292
65150
65174
65124
65195
65126
65164
65153
65167
65251
65297
65203
65224
65115
65261
65127
65319
65182
