65140
0
65172
65156
65239
65166
65202
65129
65125
65143
65139
65132
65112
65238
65165
65173
65247
65134
65153
65211
65144
65240
65191
65234
65218
65114
65192
65170
65183
65209
65174
65185
65127
65176
65171
65232
65155
65205
65292
65210
65148
65117
65229
65154
65178
65123
65182
65179
65195
65160
65207
65225
65203
65199
65138
65244
65266
65282
65236
65131
65188
65269
65201
65145
65227
65256
65161
65255
65261
65115
65169
65128
65151
65137
65150
65284
65249
65228
65283
65146
65196
65230
65130
65124
65222
