65152
10
65153
65149
65241
65265
65167
65170
65183
65191
65261
65218
65120
65147
65238
65130
65112
65231
65184
65239
65145
65229
65114
65255
65157
65151
65164
65177
65172
65146
65204
65216
65126
65137
65161
65329
65179
65244
65240
65199
65287
65268
65224
65182
65299
65156
65200
65124
65301
65256
65125
65190
65186
65139
65269
65178
65181
65165
65189
65144
65205
65202
65173
65154
65128
65228
65132
65282
65117
65227
65297
65155
65174
65160
65134
65150
65212
65129
65242
65215
65208
65133
65201
65122
65187
65131
65188
65148
65123
65159
65176
65195
65210
65258
65115
65185
65203
65283
65251
65206
65266
65158
65248
65249
65319
65312
65192
65169
65222
65113
65230
