65191
0
65192
65113
65124
65261
65149
65184
65205
65162
65112
65122
65126
65134
65173
65241
65202
65276
65212
65148
65239
65128
65125
65114
65218
65201
65130
65216
65210
65131
65188
65172
65299
65225
65156
65244
65158
65199
65240
65269
65211
65203
65165
65154
65169
65132
65297
65207
65160
65152
65222
65167
65117
65187
65230
65166
65292
65170
65231
65189
65140
65235
65120
65248
65157
65164
65147
65146
65177
65161
65179
65115
65133
65176
65198
65159
65204
65195
65111
65185
65123
65139
65300
65283
65121
65251
65137
65282
65186
65301
65153
65155
65249
