65348
0
65349
65361
57545
13605
50312
65390
65375
65389
50298
13628
4717
65395
58424
19356
13578
32707
65386
65378
65402
19355
49472
65347
4755
65377
13619
65346
13685
13629
38246
60765
4707
65365
57526
65416
38249
65399
65370
65385
65384
19357
65404
65394
38248
65357
13681
65358
13588
13700
65391
33519
19326
19304
13584
13650
65411
65410
65380
65371
19891
65397
65354
3293
65362
65360
65398
18098
13583
13643
37490
50273
65369
13586
4773
65372
49453
65387
65351
13582
65366
50317
65364
65381
60767
65367
13574
13567
19260
65353
65383
65352
13576
13621
19898
13708
65355
65376
13686
65359
65408
19886
19281
13594
4753
65350
57504
65412
