65376
0
65391
19356
57545
60767
65411
65369
65380
58424
19357
4755
13583
65358
19330
13685
13574
57504
49453
13568
13643
13650
3293
13584
65355
19898
50317
19304
13586
13681
65349
50273
57526
65403
13605
13578
13593
13582
19891
65384
19260
13621
19306
4753
65351
65381
19886
57175
13619
18098
38246
37490
13567
19281
65361
65406
65368
65348
32707
10341
49472
65359
13686
13594
65373
65353
65362
65374
65372
4717
38248
13572
6316
430
13595
19914
71430
13580
13635
19274
13590
71425
19904
57503
71428
19366
4879
49183
4664
