65439
0
1336
65438
65456
65483
65421
65464
5624
65524
14643
31376
65523
31368
65518
65455
65424
65430
65473
28553
38884
65468
855
65465
65419
65460
65488
65476
18744
65509
65472
60586
65511
65467
65454
38432
17165
3658
65554
9919
7974
65447
65516
65496
65489
65498
65420
7712
65418
2049
65537
21882
65522
1656
65469
65504
18667
65423
29782
65458
65532
65445
65547
13310
65449
61997
17746
3877
3905
65484
714
1803
14650
65471
65450
8107
65525
65429
21856
24493
3880
65507
65446
65545
65480
65463
65470
65462
46759
2987
65428
65515
65501
65490
65448
65513
65487
65478
38871
65503
65527
65482
28415
65426
65432
65435
65499
65451
65539
65514
29810
65457
