65465
0
3880
65482
65487
65436
65431
65503
65450
65480
65454
65449
65439
65458
65496
65516
65466
3658
65517
65444
65489
65467
65418
65423
65523
65452
28553
65456
65478
65422
65498
65545
65430
65457
65513
65442
65468
65437
65509
65479
65473
65432
65438
31368
65515
29810
65460
65425
65446
65571
65553
18744
65499
65518
65471
19918
65421
38871
65435
65539
65451
65500
65501
65448
65464
65547
65532
65428
65462
65427
65525
31376
65510
65507
29782
65434
65490
65420
21856
65429
65477
65419
65445
65459
46759
65527
