65464
0
65441
65487
65527
65466
65467
60586
38439
65425
2987
65478
61997
65451
1803
65481
65476
65442
65529
7712
65427
2049
4667
65470
65422
65444
65543
21856
65445
65460
38884
2930
65468
65469
28553
65439
65490
65449
65426
31376
1336
65459
65423
65420
65523
65428
65504
65539
21882
65438
65436
65461
65484
65510
65518
65486
10229
17165
65526
65489
3880
27010
65500
65505
65479
65491
65454
65434
65542
46390
65463
65496
65513
65492
38871
65465
65455
65448
65477
65501
38432
65429
65525
65480
65446
65508
216
65506
65430
19918
8107
65547
3905
65456
4738
29810
3877
65473
65482
65499
65457
65507
714
65418
65421
65522
65453
65450
65541
65435
65514
65475
65471
65458
65516
65432
14643
65528
3658
65431
