65476
0
65477
65493
1656
2987
65496
65492
65429
65459
7974
65540
65525
65450
1803
65543
65506
65452
38884
65489
38432
60586
65547
65513
65454
31376
65517
65479
65469
65532
714
38439
65423
65440
65430
58980
65475
38871
65463
65487
65500
65464
7712
65438
65498
2930
65555
46390
65481
65467
17570
65518
855
65528
65446
65553
65456
65444
29810
65455
65451
65427
4738
65426
65422
65505
65522
65421
65435
65507
65432
65478
65431
65516
65465
29782
65473
65527
65420
65494
65504
65508
65531
65470
17165
21882
65428
3658
61997
5624
65466
8107
65471
65554
65514
65480
19918
65436
65445
65482
65570
65425
3880
65484
28553
65442
14643
65453
65460
27010
65539
65499
28415
65515
65449
65468
65434
65439
2049
65490
65501
65418
65541
