65711
0
65667
65727
65743
65704
65731
43629
65780
65729
65739
65686
65733
65716
65714
65799
65798
65690
65734
65804
65788
65756
18162
38762
65813
65784
65765
65710
65699
65709
65666
65810
14323
65735
65669
65675
65764
65688
65758
65767
22661
65759
65677
65751
65705
65808
65775
65730
65741
65685
22663
65792
65746
65712
65740
65785
65668
65777
65725
65721
65770
65720
65771
65689
65683
65726
20629
65702
65766
62216
47821
65694
65670
65781
65783
9142
22680
22683
65762
65680
65676
65722
65723
65673
65707
9003
65738
65790
65745
65684
65697
65761
