65727
0
65675
65705
65682
65805
65745
65801
22683
65752
65716
65759
65783
65706
65812
65780
65721
65718
65754
49442
65669
65713
65845
65685
65720
65750
65711
65831
47821
65708
65670
65736
65686
65683
65714
65799
65792
65699
65802
65743
65681
65666
65815
65723
65813
65673
65774
65701
65746
65747
65676
65785
65781
65796
65767
65761
65825
65729
65702
65756
65789
65766
65760
65707
65689
65709
65725
65784
65739
65684
65782
65690
65738
38762
65744
65726
65677
65730
65691
65710
65751
65696
65808
65740
65765
65734
65680
65728
65667
65700
65775
65704
65804
65712
65668
65788
65798
65821
65733
65731
65688
65715
