658
0
664
668
660
674
725
729
708
665
719
652
710
243
686
701
687
733
726
689
657
651
695
661
718
646
654
700
717
667
662
740
693
690
731
732
724
688
679
714
666
649
712
696
722
659
671
683
672
691
650
1501
5217
5246
5201
5244
5249
5224
5196
5245
3811
5234
5235
1870
5227
5252
5254
5241
5208
5233
3087
1574
2857
3815
1471
5195
1478
1493
5206
5222
5257
5214
5202
5260
1547
1535
5198
5240
5210
5232
5213
5203
5266
1519
5216
5248
1469
5255
5223
5200
5229
5243
5228
1917
5205
5218
5220
1533
5226
23179
45796
13780
45814
45817
13830
45788
13807
13837
45799
45795
1764
3852
1564
23172
45791
45808
45787
45821
13791
45805
13782
31911
13793
45798
13817
1554
1552
1492
13785
13811
13816
13784
14643
1450
45786
37374
2759
45872
45863
45855
45864
34983
45869
37406
45845
45851
45858
45894
45870
1641
45882
45865
1111
45847
37349
37333
37375
45883
39466
45848
45849
45846
822
45857
34894
45850
45856
37413
37334
45873
45875
1915
45854
33696
37346
12643
38835
45860
1482
61737
61705
61712
1606
61735
48417
61807
31917
61792
48505
34326
48418
48422
61815
36282
61785
61780
61797
8107
26097
64269
809
64272
7992
4658
1453
831
1459
12210
64268
23903
12529
13790
12645
13840
19102
59878
39045
48405
1567
58505
75510
58510
75526
75551
1468
8013
75559
37352
75540
50189
55292
13789
75522
