66
0
9
82
92
6
144
7
85
153
162
40
89
177
77
69
17
21
28
29
68
91
156
71
83
48
124
75
37
57
108
79
84
20
94
88
161
129
99
33
919
983
912
928
960
901
939
930
984
892
958
948
929
894
937
908
994
959
972
970
906
932
889
927
938
902
954
949
898
944
918
936
910
946
941
4103
4153
4206
4072
4151
4162
4249
4141
4121
4147
4213
4143
4198
4158
4108
4156
4200
4164
4179
4077
4096
4204
4205
4173
4163
4155
4152
4150
4183
4169
4171
4209
6930
6928
6933
6878
6911
6955
6917
6929
6894
6887
6902
4104
7569
7579
7600
7583
7565
7613
7586
5170
11941
11955
9793
11974
11938
11994
11970
13446
9776
13431
9811
4099
9389
9753
9757
13449
9385
14167
12701
14170
14172
18510
5132
5172
25113
25102
25145
5027
25125
12361
20119
25099
25120
25106
25119
25126
25092
22433
25098
25105
2233
25112
25108
25101
25130
25117
25149
25143
25129
25127
25132
22432
25097
5157
25121
25123
25137
