660
0
661
659
705
653
689
714
732
713
707
679
2951
2898
2946
2982
1658
2941
2979
216
2952
3031
3013
2899
3011
8276
1046
8182
8180
8163
8220
8210
9003
9038
9085
9004
8554
9103
6624
9011
8991
1641
1102
12174
12162
12186
12220
12263
12188
12230
12146
12233
12175
12156
9432
1051
12195
1034
12148
1055
12199
11111
12173
12246
12247
12184
12222
12185
12262
1149
10372
1113
12158
12214
3898
13813
13824
13815
13808
13800
1115
1680
8029
33855
12854
33802
15088
33799
212
37818
12637
3899
37924
1045
4787
37885
37823
1221
21660
11601
22392
10893
1303
6431
13010
43632
43639
43654
20524
43642
43602
43708
43674
5893
43607
43634
43716
43617
43635
43610
43625
43636
43691
44449
5448
37038
10915
36027
34590
43295
4686
44397
6008
44398
20932
2689
23957
52235
20516
20535
33696
16464
57988
13518
34583
15716
27077
20665
27067
55294
12068
26551
68383
68405
1132
1764
