6603
0
6604
3880
2899
6660
6662
6669
662
6634
693
4704
3967
6611
6679
6639
6663
6608
6606
1739
26003
20223
30129
27916
26894
26152
30122
30144
24187
30117
24162
29533
30143
30157
24168
7245
30217
26047
24170
7221
10802
6308
30149
24155
6024
30214
24175
30190
30197
6307
30159
29522
29519
30123
30142
29524
30210
5762
7244
30119
30186
30155
30121
6277
20933
24191
7284
37650
6275
6273
37669
37674
37660
37641
27393
37673
6302
12173
37663
14638
37639
37659
37655
37678
37638
6236
6251
30622
6294
37643
37668
26466
37640
16771
37685
52552
52585
26974
52530
52567
1132
7280
52648
44349
52625
661
52566
52603
28965
52561
10383
52557
52630
6264
7678
58910
6304
10757
34121
7695
45984
41250
58922
