661
1
662
725
732
660
243
668
679
724
727
733
726
287
1132
8368
8401
8341
7783
8374
8180
1055
12175
2913
1133
12174
1111
1095
12170
1172
12183
1051
12164
12204
11111
1063
12201
12150
1149
1606
12167
12153
11076
12165
12162
12168
12241
12147
9013
12211
12184
12220
12185
12197
1034
9037
12173
9050
12195
9035
12156
12205
12233
1049
12158
13786
13775
13813
1115
13824
355
13815
14152
15299
12078
312
29538
216
6294
26551
29534
29521
1188
1739
6719
30814
2948
19387
8220
10059
9011
47813
43625
47818
23588
47792
47790
47789
47801
47835
10383
37259
30197
52559
44349
52529
7280
52585
52563
52582
9893
36467
57119
57078
61321
61706
61749
61769
61714
61821
39662
61728
61722
55310
61799
61710
61787
1119
61751
61814
61725
61848
61835
61750
61764
61717
19169
51623
11214
8280
36689
36747
74366
