6626
0
6621
6661
6667
6649
6663
6623
6650
6613
6601
6642
6652
6617
6604
6629
6615
6607
6628
498
6645
6614
6630
6664
6608
6676
7429
25009
24940
24977
25016
24958
24944
24949
24991
25025
24971
24952
24986
24980
24974
24950
25024
9633
24945
24957
24959
24970
24963
24989
24961
25000
25015
1764
24953
24948
24978
24960
24946
25017
25075
24981
24955
25007
25013
24947
24996
24985
24951
24941
24972
25049
2038
24982
43875
43892
43885
13283
43900
43878
43898
43887
43879
2908
43880
43891
43876
43897
2324
43883
43888
43903
43881
43889
43895
43893
43884
43894
3526
43877
43906
43391
50171
50127
2900
50129
50123
50178
50179
2291
56367
56386
56459
7668
56371
56412
56453
56458
