66350
0
66334
66344
66361
66397
66404
66329
66308
66328
66356
66320
66321
66396
66395
66325
66405
66380
66379
66349
66388
66352
66353
66389
66354
66384
66339
66345
66375
66313
66330
66403
66394
66343
66332
66401
66335
66309
3011
66385
66358
66378
66360
66366
66318
66311
66341
66326
58096
66337
66306
66365
66347
66346
66336
66317
66390
66363
66351
66323
66398
66371
66408
66406
66338
66305
66331
66387
66407
66312
23001
66377
66373
66333
66393
66359
66307
66310
66340
66372
66364
62256
66327
1149
66392
66315
66400
66374
66314
66342
66357
66382
