66358
0
66331
66362
66353
66328
66313
66330
66365
66318
66310
66307
66393
66309
66396
66363
66311
66388
66319
66320
66380
66360
66378
66357
66382
66324
62256
66395
66364
66322
66352
66326
66387
66340
66321
66383
66377
66334
66385
66409
66308
66336
66314
66317
66361
66369
66305
66391
66356
66371
66306
66370
66346
66375
58096
66342
66348
66332
66381
66374
66406
66333
66392
66403
66400
66349
43567
66397
66327
66351
66366
66359
66350
66407
66367
66325
66404
66405
66345
3011
66315
66337
66410
66384
66341
66372
66344
66343
66398
23001
66354
66329
66335
66323
66379
66408
66347
66399
66316
66401
66390
66339
66368
66312
66389
66402
66373
66338
1149
66394
