6639
0
6638
6606
713
4704
4666
6688
6679
2899
6694
3967
3880
6696
6634
6651
6624
498
6603
7681
2321
1807
757
6719
2324
7712
7455
7732
7739
7727
1782
6300
7679
7694
7669
7690
7688
7707
2909
7658
7719
7645
7642
7656
7695
8187
8258
7979
7867
2038
26946
1115
2981
24171
16646
4049
27299
31270
1374
26974
1336
24166
14151
2900
24187
24189
26164
14081
6294
29524
6024
33031
14080
2903
5638
10777
5644
7441
14596
7465
38148
826
28965
18596
10743
10001
2987
48746
7438
48722
30118
20052
4662
7488
10704
24149
14140
48743
48721
