665
0
666
684
668
683
688
717
712
728
243
692
733
726
736
667
677
715
701
674
687
651
708
704
738
673
706
658
678
730
727
689
741
690
327
729
649
719
672
699
722
229
671
716
675
655
670
654
694
707
693
721
732
682
696
723
702
676
652
679
703
669
664
695
650
648
698
705
653
720
656
662
700
737
725
647
731
685
1459
1574
1556
1570
1518
1489
1515
1471
1522
1509
1519
1478
1492
1530
1541
1567
1453
4061
5243
3087
5206
5201
5224
5210
5229
5197
5241
5213
5266
5200
5235
1870
5217
5195
13776
13823
13784
13788
10939
13779
13785
13790
1606
12123
13792
13837
13796
12640
13811
13830
13818
13838
31930
822
1912
31911
7257
31928
5314
31918
31910
1977
31912
23197
31915
4658
1851
1942
7975
19101
1938
831
23172
7965
1996
14315
24824
1958
32072
32093
12900
32090
32103
32075
32082
32092
23179
32224
23142
36276
8107
20313
12529
23903
37359
37355
39032
38978
39033
39466
39469
45798
50189
50209
50205
11199
19104
56527
26097
7992
34326
1111
1915
64274
64269
4729
4584
10893
11170
29475
64272
3068
6719
12771
11025
28912
10957
45419
64268
64267
809
8721
12671
23183
8363
9524
12646
65604
74345
12987
1979
58510
75556
58505
75526
