67174
0
67175
67194
67193
67184
67181
67169
67230
67160
67171
67154
67163
67186
14312
730
67176
11209
67166
67199
14296
39648
67157
14284
67178
67185
11171
5435
67214
67187
67192
15103
67167
327
67183
67195
67189
67210
67233
67206
67200
67182
669
67208
67202
67207
67188
67172
67179
727
67226
67197
67211
67155
67196
14347
67205
67162
67225
67224
67159
67228
67170
14345
67177
67158
29237
67161
67232
67180
14259
67156
67190
67217
67201
67212
67204
67153
67220
12642
14321
14320
67168
48071
67173
67191
