67170
0
67193
67161
327
67183
67182
14316
67153
67208
1887
67163
67178
67188
67180
14320
67233
67160
15103
67167
14308
14259
67174
12637
67154
67228
67205
67220
14340
12642
67206
14251
14324
67166
670
14318
67184
67162
67181
14270
14345
29237
67175
67230
14333
669
67158
14322
67212
14295
14264
14286
67173
14326
67171
67225
67202
14338
67172
14312
67191
14319
14272
8455
12662
67189
11209
14321
67185
67214
14266
67217
67190
48071
11025
14309
67186
67223
67237
11171
67232
14347
730
67169
67194
67224
67211
67195
67168
67155
67207
67157
67196
67177
67200
67176
39648
14301
14325
67187
67192
67201
14296
67159
14297
14284
67210
14271
67197
67199
