67192
0
67169
14347
48071
67162
14321
14259
15694
67189
1887
67174
676
669
67166
67178
67228
67201
67156
67230
14312
14345
67186
67160
67176
67183
67212
67195
730
67193
67207
67194
67197
67167
67185
67153
67196
67211
14284
39648
67172
67157
67182
67181
11171
29237
67205
67200
67171
7093
67173
67206
67168
67163
67232
67177
67188
15103
11209
12637
67199
67191
67180
327
14295
67155
67158
67190
67220
67161
67159
14264
67208
67225
67175
67217
67202
67222
12642
14251
67184
67170
67224
67187
67154
11599
