672
0
656
662
673
687
684
646
699
700
720
707
708
688
696
679
726
666
685
650
229
721
647
736
723
712
664
327
683
653
737
702
730
654
722
695
717
658
694
716
668
729
715
701
728
243
678
690
648
674
727
655
725
733
667
692
671
665
651
649
676
719
741
652
693
675
287
669
670
706
1453
1478
1459
1522
1912
1958
1870
1915
5201
5210
5217
12123
13790
13796
1606
12640
13776
23183
20313
23142
23197
14315
831
4658
7257
7965
822
32092
36276
8107
12529
23903
24904
39466
44373
26097
7992
64268
45419
809
10893
6719
11170
10957
12210
11199
8721
9524
3068
34326
28912
29475
8363
64271
11025
64266
4729
4584
64267
64269
12771
