675
0
648
698
708
651
697
663
729
243
723
671
650
690
710
688
649
691
672
682
667
664
712
674
733
686
707
676
738
654
715
677
737
687
655
670
736
718
740
731
716
705
665
721
652
693
696
725
706
702
727
669
1533
1478
5197
1519
5243
1501
3087
5210
5195
5200
5213
3811
5207
5246
1917
1574
1493
1870
5252
5241
5201
1471
1566
13817
1548
13788
13830
13787
13809
13821
13837
13785
1545
10939
13811
13833
1515
13779
13845
12640
13819
13820
13801
9037
13816
13784
1958
20313
1887
23179
23160
23153
23142
1992
19101
1977
31921
1851
31933
31934
1996
31927
1912
31917
822
5314
31911
31931
32084
32098
1479
32086
32077
32103
32109
32083
32091
32097
32085
12900
32082
32078
32094
32093
12643
12642
32231
36330
23903
1488
1554
36271
1492
36270
10420
36306
36293
36283
11599
36259
36308
1453
36301
36275
210
36282
8107
12529
284
12637
