677
1
678
654
690
674
717
647
692
664
646
691
651
715
652
648
714
650
656
725
670
689
671
700
706
695
719
698
699
720
649
675
658
716
704
688
708
685
243
666
694
655
683
722
728
731
701
703
1535
1533
1519
5208
5217
1471
2857
5195
5196
5234
5246
1478
5213
5224
1547
5243
5220
5223
1917
5251
5203
1870
1469
5236
1501
1574
5232
5218
5235
1522
1552
10939
1055
13794
1506
1460
13789
13830
13779
13833
13816
13828
355
228
13814
13820
1559
1476
1567
13792
1566
13823
1454
12123
1486
13773
13796
1052
12113
23165
23147
23172
23146
1992
1977
24864
7257
31929
31917
1938
14354
31911
31913
31918
32069
12900
32093
1465
32099
32083
32073
32072
2825
2759
32082
32071
1555
32074
32101
1927
32094
32235
14284
32222
32233
374
32221
12642
14296
1464
36282
36307
36272
36320
36308
36315
11599
1492
36258
36299
36286
1530
1453
36280
37381
37348
37386
2800
37345
37350
37369
37337
37392
37336
38987
39033
1462
39066
39032
38983
39054
1541
39042
39031
39055
39063
39056
1564
39015
3848
39071
34983
39045
38984
39027
38989
24885
1508
48397
48438
3825
48422
1546
48448
48467
48407
45851
48432
48014
48417
48433
48505
48402
3810
48405
48463
48517
1470
48412
48401
48447
48445
1906
48413
48437
3828
251
57345
58505
58524
1494
58512
58513
58547
58511
45869
58530
1507
58510
3837
58504
58518
58523
58520
50195
2715
58514
50209
59894
59892
59893
59887
59883
59890
59881
59899
59884
59885
59882
59908
59877
59889
59888
30420
59895
19478
59879
44104
59900
59878
59886
1529
60540
60532
1915
64272
809
26097
64269
12210
71181
3844
72213
72186
72202
54970
72196
72185
74337
74335
74345
75516
75550
75515
1468
75542
1539
75525
75554
75549
75510
75548
75535
75540
75586
75547
1520
75533
75532
75517
75543
75557
75522
75514
19781
55292
75518
56527
75527
75556
