6875
0
6876
6870
4142
6918
4103
4158
6955
4072
4163
4150
6960
6930
6874
77
6954
4119
4167
4232
6915
6887
6921
4209
6911
4096
948
6871
6917
4183
6898
952
6886
34
6942
927
6895
92
6967
6909
941
6882
944
4249
6927
6922
40
6929
930
6949
4101
6879
6953
161
894
4182
4077
20
4108
85
99
4083
6951
6926
4202
4141
4
921
6941
4189
4070
6888
6943
6940
4217
4124
4169
4104
4155
6896
4081
6901
5792
6974
6883
6923
4152
9
4164
889
983
932
918
4206
91
137
4237
6913
6903
4071
4173
6928
4179
162
4214
6904
75
4102
6916
6884
4174
933
66
84
28
4111
6914
929
6891
958
4247
6878
6933
4171
937
6964
