688
0
689
668
716
243
685
694
701
731
687
729
652
695
733
707
651
718
654
673
677
649
703
672
670
708
682
665
696
7966
12645
12644
12654
12650
12643
12669
3880
5197
12640
24861
1857
1940
1951
1941
24877
24824
24904
1530
24858
24817
19115
24895
13830
1977
8540
32082
13779
13837
1533
32097
12900
5210
36274
1501
36286
1453
3811
36312
8107
3813
1958
1479
19101
5213
13785
36259
23903
1996
1870
1492
36282
36288
13811
32093
32221
37353
5224
37359
32224
1938
1882
37364
5235
37360
1543
37419
1948
37357
2866
37356
31922
5217
37352
1567
50193
50189
50219
50213
2760
13847
1570
50211
50210
13823
32090
56520
26097
32092
2884
4061
45869
58539
5208
58505
28247
1918
13774
13853
39039
59888
30420
59881
59895
59892
1482
59889
4658
1509
64269
39466
2811
6755
32072
2899
13840
8013
28249
75526
75532
