6886
9
84
28
6891
34
9
6874
921
6966
932
929
6903
4083
944
6923
4214
958
4183
1022
4173
4232
85
4077
4163
6927
92
4174
91
4189
6953
949
952
937
4158
4
75
930
918
99
4127
6933
6878
4091
6909
4119
6913
6884
4070
6929
4108
4249
4169
162
4171
4101
77
6911
161
6920
4071
6914
40
927
6879
4152
4167
4155
6917
4179
894
6899
6955
4081
4096
4103
6918
6910
6951
983
941
4072
4111
901
4147
12697
9776
9757
905
964
928
156
4099
9775
1005
7613
4121
4076
1303
13431
129
9733
4159
4186
4161
14190
9793
4175
4211
18879
18877
39
18880
898
5172
69
68
29835
7599
4113
22442
4085
4195
29931
4165
9407
29920
47
35989
12678
45960
