6891
0
4104
99
6874
6922
4249
929
91
4163
4103
894
4158
4077
4
4111
6884
4171
4072
4202
937
4142
6886
161
77
6903
6953
944
28
6901
6895
983
6914
6951
4206
6964
84
918
4164
6933
6892
4108
948
6940
6923
927
4214
952
921
75
6871
6965
4124
4183
6929
6913
4119
4169
4182
6870
4173
6966
64
6942
9
92
6879
4167
4081
6917
6955
4155
4150
6878
85
6883
4141
6911
932
4209
6904
6877
958
4210
964
79
917
4211
901
4099
29839
144
68
12697
1005
4076
29854
4078
4146
9381
4109
7613
4160
4161
78
12710
4147
4175
29852
29862
39
4144
13449
905
9373
69
4186
14190
41
4121
156
12719
4195
4113
18879
7622
13412
919
4165
4177
29930
4106
9757
4085
9775
29920
4168
29903
4087
959
115
9380
4143
898
89
13390
32285
4093
13426
12677
12675
18287
32284
4339
4118
9743
14174
22051
13466
4180
12678
44
4185
