6913
0
4101
4167
6914
6919
1022
4077
9
994
84
889
4127
34
4164
4249
6915
6880
4081
4070
6933
4108
941
932
77
4072
6896
6930
4209
933
6904
6942
894
6886
6945
4206
6891
948
4096
4150
6921
4142
6920
4158
6887
6911
6955
4232
929
4247
4155
6929
92
4171
6909
4103
6954
6875
6903
6878
918
983
6912
4104
99
6923
85
952
930
75
6895
4141
4152
4183
4102
4173
162
6917
4169
944
4163
4186
4157
13443
4099
9733
4076
906
13449
9743
4156
13427
7613
129
4146
4126
9772
928
13426
9381
12683
7622
9377
4143
13447
4147
4159
13405
13428
69
898
22001
21990
68
4168
4144
29863
102
79
4175
4211
4215
4078
12710
41
144
17316
29888
12709
29886
12719
4087
12675
14189
9735
32281
897
44
57
9792
