6917
0
4200
952
6914
20
4164
4171
894
918
161
66
6898
4077
932
6911
6955
4173
4158
4103
889
77
28
4169
4152
4
929
6888
6921
85
9
91
4070
4108
4163
4072
4119
927
4081
930
6923
941
6902
162
4127
92
6928
6922
6891
4249
84
34
6886
6933
6884
944
99
6894
6945
4150
6915
948
6913
4096
6929
4209
5
994
4142
6942
4155
6904
6920
983
7568
9744
4177
4161
79
39
4076
4121
9776
9733
4146
4118
156
4143
4122
4156
9743
9752
4147
9792
9739
4186
9801
9772
12682
12712
959
9377
13446
919
13441
13439
939
4157
13426
13422
13410
7613
13412
12683
13406
12722
981
13392
13449
9380
897
14183
14182
14189
14190
68
69
7579
912
902
41
7580
22001
32293
32273
4069
32278
21972
39696
136
