69188
13
17070
69277
69205
69203
69240
69247
69242
69216
69274
69290
69272
69207
69250
69266
69311
69251
69231
31997
69308
69255
69212
69220
69192
69273
69204
69213
69249
69265
69197
69186
69182
69223
69232
69268
14509
69190
69185
69225
69299
69261
69239
69243
69210
69215
69218
69181
69201
38224
69189
38233
69214
69206
69279
69310
38201
69267
69282
69237
69303
38231
69208
69280
69302
69191
69221
69180
69278
69288
69271
69217
69222
69211
69254
69260
69187
69236
69294
69183
69227
69257
69295
69234
69200
69224
69264
69202
