69191
0
69192
69262
69217
69195
69234
69294
69224
69236
69251
69304
69207
69232
60857
69278
69269
69240
69186
69219
69272
69260
69210
69205
69273
38231
69227
38201
69228
69299
69270
69201
69212
69264
69180
69198
69193
69231
69220
69253
69258
69275
69303
69188
69218
69189
69242
69199
69280
69206
69271
69221
69250
69248
69225
69292
69307
69293
69203
38184
69268
69226
69254
69208
69286
69211
69209
69256
38224
69288
69238
69281
69204
69187
69247
69257
69229
69314
69287
69297
69245
69215
69214
69305
69216
69291
69235
69279
69290
69200
38233
69183
69265
69197
69233
31997
69252
69194
69182
69181
69190
69223
69237
69196
14509
69267
69239
69243
69276
69185
69202
69213
