69190
1
69193
69243
69294
69199
69206
38184
69231
69264
69244
69281
69297
69201
69271
69211
69218
69272
69195
69273
69269
69192
69216
69242
69302
69288
69239
60857
69291
69304
69189
69235
69248
69227
69225
69185
69240
69256
69280
69197
69194
69257
69215
69204
69236
69267
69203
69180
69224
69289
69186
69212
69251
69214
69287
69250
69223
69246
69268
69274
69205
69182
69196
69258
69293
69261
69263
69303
38201
31997
38233
69282
69222
69202
69200
69181
69207
14509
69278
69265
69283
69221
69183
69255
38218
69254
22471
69249
69237
38224
69233
69290
69213
69210
69188
69234
69217
69220
69286
69308
69209
69270
69238
69260
69191
69226
69232
69219
69266
69292
69247
69252
69310
69208
69253
69305
