69209
0
69210
69252
69258
69201
69239
38184
69208
69250
69286
69259
69275
69185
69231
69302
69256
69282
69190
69266
69271
69214
69226
69206
69236
69257
69276
69290
69198
69211
69248
69197
69255
69232
69224
69180
69223
69220
69227
69228
69204
69187
69215
69280
69205
69251
69245
69207
69246
69265
69291
69212
69186
38224
69193
69196
31997
69200
69303
69269
69240
38231
38233
69229
69188
69254
22471
69274
69225
69182
69222
69192
69189
14509
69216
69218
69183
69234
69267
69221
69293
69181
69273
69195
69308
69279
69283
69213
69278
69292
69217
69247
69238
69261
69253
69237
69272
69203
69264
69260
69191
69243
38201
