6922
0
4
4247
4164
918
4102
40
6929
85
4101
77
4163
4152
92
927
6914
28
6875
4169
6926
75
910
4183
161
6949
99
4119
4104
4108
4070
6902
5
4072
4249
6919
84
34
6917
4141
6884
4167
6921
944
6915
933
6945
4150
6916
4158
4103
61
29832
4069
39
17316
41
9799
16728
79
4148
12697
9733
29853
102
29844
30
4076
144
906
7568
29863
13449
78
9738
29833
7613
94
11958
22430
26
7
86
20130
46915
140
46902
17
32406
52
87
46922
7573
135
7602
56
36
18
105
7563
21996
88
126
32462
4121
71501
35998
37
71511
42
71545
10
7599
7565
71513
71516
7562
101
7576
