69242
0
69243
69265
69256
69186
69189
69274
38231
38201
69233
69202
69198
69229
69292
69235
69205
69246
69195
69287
69188
69226
69237
69245
69185
69267
69288
69211
69297
69260
69257
69270
69204
69272
69278
69303
69222
69302
69258
69248
69291
69214
69249
69200
69209
69199
69271
69192
69223
69251
69193
69236
69263
69238
69254
69196
69231
69228
69181
69308
69227
69220
69218
69250
69239
69182
69217
69210
69197
69252
35164
69216
69191
69286
69232
69206
69247
69221
69190
69213
69234
69255
69305
69224
69201
38224
69207
69215
69208
69280
22471
69212
14509
69268
69273
69240
69225
69183
