693
0
669
667
243
701
685
684
658
712
673
725
727
652
708
732
327
733
707
688
730
690
714
665
647
661
696
651
657
648
649
676
723
659
668
716
687
672
736
1933
1910
1548
1936
1941
1960
1965
1899
1914
1912
1931
1917
1911
1870
1865
1878
1961
1937
1962
1898
1916
1885
1958
1883
1858
1889
1906
1954
1875
1856
1887
1877
2866
2768
1570
2719
3880
3967
6666
14322
14321
286
14284
14312
7270
6719
18129
23903
36260
13830
10835
36278
6380
36269
3811
1493
12637
20313
36280
12900
23142
36276
36264
12640
2913
4063
8363
12635
39040
39031
34301
12641
39030
39011
39009
3898
39021
39018
39026
39004
39056
38981
34990
34249
34270
38988
39027
39051
38980
38979
1500
39010
39048
39000
34983
39466
39471
44104
1653
34927
13382
37384
50188
31922
50190
34326
4658
29475
7965
7257
10957
12771
