69337
6
69333
69325
25039
69330
69338
69336
25069
69340
69348
25021
69349
69331
69339
69345
69328
69344
69332
69335
69334
25020
69347
69733
69717
69769
69786
69741
69727
69879
2378
69767
69735
69863
69745
69868
69720
69829
69841
69833
69798
69770
69778
69754
69783
69809
20673
69719
69885
69722
69755
69883
69852
69716
69816
69795
69726
69820
69725
69804
25029
69742
69743
69805
69721
69748
69762
69851
69729
69817
69807
69763
69857
69900
69831
69881
69793
69800
69751
69792
24979
69815
69858
69780
69843
69744
69874
69886
69824
69821
69813
69842
69749
69718
69796
69723
69739
69766
69847
69737
69862
