69348
0
69344
69337
25020
69334
69332
25039
69325
25021
69346
69340
69331
69330
69339
69345
69335
25069
69326
69328
69776
69791
69754
69723
69815
69821
69763
69809
2378
69867
69856
69799
69741
69862
69853
69772
69774
25059
69758
69855
69730
69872
69838
69817
69804
69816
69766
69737
69911
69717
25029
69893
69727
69728
69833
69805
69733
69792
24979
69881
69863
69790
69751
69798
69878
69818
69807
69795
69767
69834
25030
69725
69813
69829
69831
69883
69820
69843
69747
69729
69719
69852
69769
69823
69898
69759
69811
69722
69726
69761
69847
69786
69760
69858
69739
69750
69778
69770
