6935
0
4096
137
4152
6944
92
20
64
4108
6900
4077
4083
894
99
6878
4155
85
6928
77
4200
4103
34
4264
915
39
41
157
7
156
12354
898
4069
39700
22433
4188
11958
74
124
35138
59
98
25145
144
39692
906
140
39696
4198
954
136
4213
129
30496
44
16728
39691
908
82
4154
63
936
970
4223
4185
4212
47278
96
47264
42
32464
29857
47286
47295
32462
47294
47274
4196
127
39968
47315
1
17070
4205
35237
47265
2
47272
95
47296
146
47284
7598
47305
12742
20948
47282
7599
959
47266
18493
47288
47342
116
45013
36430
45046
47344
58
47562
57
47602
5327
173
47578
90
133
30
7576
942
61
168
142
94
31449
32406
25315
6569
141
101
20104
20101
66704
32274
35209
31422
66695
66700
22434
22429
66705
36429
32461
3251
15
913
66691
66714
115
6578
66689
45014
35166
66713
66701
71
70
66690
20082
4194
4170
34378
20105
7600
79
7607
112
45037
36433
70141
70148
16940
70137
70136
134
40001
70149
70156
70139
160
34396
39181
3120
70146
3237
