6946
0
6883
6870
6881
4091
84
6896
4104
4174
6922
4070
4108
6940
941
4096
6878
6915
4102
6913
6884
932
4217
6898
948
944
4171
6930
6933
933
983
77
6904
4249
929
6911
6886
20
4111
28
85
4164
6871
921
4150
4163
4158
6955
918
937
4169
4155
6927
4119
4
6943
161
4206
4072
894
6899
930
927
4103
952
162
6888
4127
4077
4152
137
6917
92
75
91
4173
4182
6939
6929
4081
6914
4141
4183
4167
6891
6912
4142
34
99
6877
9
964
917
9776
9757
9374
928
13438
13450
13391
4186
939
12697
13426
13412
13390
156
9772
1005
7613
4118
9389
905
13404
12683
13436
13444
4146
901
13432
9404
4188
4147
4156
12677
9743
959
4076
957
7568
9381
919
4121
4157
13396
9775
904
13433
13415
9377
9733
9394
4159
4126
4161
13435
4233
13397
13393
4180
4143
9799
29960
29967
29903
29988
