69716
0
69717
69765
69784
69793
69789
69791
69729
69340
69325
69349
69727
69778
69804
69767
69855
69758
69824
69334
69725
69832
69833
69867
69348
69757
69759
69763
69809
20673
31616
69812
69788
69807
69858
69786
69850
69718
69771
69796
69825
69831
69842
25021
69766
69768
69860
69721
69737
69836
25020
69815
69776
69896
69792
69339
69785
25030
69845
69728
69821
24979
69872
69754
69843
69890
69866
69862
69834
69803
69742
69770
25059
69864
69816
2969
69878
69853
69739
69752
69764
69743
69330
69343
69751
25029
69719
69790
69332
69800
69859
69337
69813
69331
69720
69745
69730
69748
69820
69806
69781
69841
69345
69805
69723
