69727
0
69728
69818
69722
69867
69758
25059
69741
69798
69833
69748
25020
69817
69337
69863
69723
69754
69853
69879
69793
69856
69759
69812
69325
69892
69848
69874
69778
69334
69719
69721
69786
69836
69841
69749
69872
69346
69716
69843
69348
69751
69813
69852
69832
69788
69769
69803
69739
69330
69763
69835
69860
69771
69814
69720
69881
69831
69804
69343
69726
69349
25030
69858
69755
25021
69345
69820
69878
69791
69340
69781
69789
24979
69805
69767
69815
69760
69790
69821
69816
69339
69729
69332
69785
69783
69847
69764
69731
69730
69718
69823
69784
69733
69827
69743
69898
69837
69801
69725
69864
69796
69806
69862
69732
69834
10926
69792
69768
69717
69855
69737
25029
69766
69844
69866
69800
69873
69845
69331
