69741
0
69725
69766
69332
69836
69756
69845
3899
69814
69746
69843
69854
69339
69765
69733
69886
69888
24969
69775
69848
69727
69790
69762
69723
24979
69739
69787
69800
20673
69757
69735
69759
69815
69904
69751
69330
69749
69817
69340
69875
69862
69813
69852
69718
69900
69810
69826
69857
69782
25020
69740
69774
69873
69345
69748
69835
69786
69716
69907
69855
69744
69791
69721
69865
69742
69769
69796
69801
69834
69768
69903
69788
69914
25059
69724
69859
69917
69794
69785
69337
69847
69761
69842
69830
69325
69828
69722
69809
69763
69893
69851
69754
69331
69719
69861
69760
69799
69731
69866
69732
69729
69839
69832
69821
69334
69764
69781
69829
69898
69812
69778
69784
69726
69858
25021
69841
69824
69807
69767
69795
69816
69770
25029
69804
69803
69783
69806
69730
69867
13518
69758
69720
69909
69805
69348
69833
69793
69728
69891
69831
69863
69822
69878
69869
69717
69864
69737
69808
