69784
1
69785
69804
69768
69786
69790
69866
69821
69757
69783
69334
69751
69767
69791
69843
69727
69810
25029
69899
69861
69805
69733
69758
69741
69841
69765
69808
69721
69797
69720
69807
69717
69794
69740
69845
69829
69913
69782
69836
69772
69743
69905
69749
69764
69737
69873
69881
69884
69752
69722
69760
24979
69756
69878
69831
69769
69787
69862
69781
69918
69726
69773
69806
69754
69763
69833
69792
69847
69725
69864
69801
69865
69750
69778
69723
69800
25020
69761
69739
69775
69898
69839
69762
69747
69848
69732
