69858
0
69325
69337
69725
69334
69726
69759
69804
69873
69763
69343
69741
69816
69754
69768
69794
25029
69789
69809
69833
69739
69783
69769
69836
69752
69762
69843
69806
69866
69737
69890
69748
69879
69757
69786
69790
69832
69853
69771
69766
69721
69765
69727
69718
69892
69812
69867
69878
69332
69815
69852
69340
25059
69723
69814
69717
69818
69345
69803
69330
69835
69792
69339
69842
69862
69788
24979
69847
69730
69733
69764
69881
69813
69761
69780
69845
69722
69719
69863
69850
69834
69785
25021
