69865
0
69785
69791
69766
69855
69790
25029
69727
69899
69794
69721
69732
69754
69756
69823
69880
69838
24979
69882
69813
69854
69334
69907
69845
69834
69758
69806
69755
69740
69764
69843
25021
69820
69800
69733
69833
69726
69878
69801
69729
69717
69773
69827
69739
69792
69788
69872
69763
69781
69807
69767
69782
69809
69814
69745
69783
69870
69786
69842
69346
69810
69325
69861
69805
69808
69862
69769
69719
69798
69761
69741
69760
69826
69797
69850
69772
25020
69873
69718
69724
25059
69866
69784
69775
69891
69848
69898
69730
69867
69778
69757
69787
69815
69737
69768
69847
69863
69771
69829
69879
69831
