6999
0
7006
7016
7027
7030
7034
7057
7067
7044
6994
7000
6993
7009
7115
7101
7020
7130
7051
7035
7078
7054
7149
7150
7069
7014
7155
7048
7004
7029
7158
6991
7161
7028
7053
7091
6992
6987
7071
7090
7031
7018
7058
6986
7040
7087
7095
7169
6989
7108
6988
7077
7025
7144
7015
7062
7019
7032
7036
7033
6998
7007
7082
7008
7132
7012
7094
7021
7049
7098
7113
7017
6997
7097
7099
7002
7065
7070
7038
7074
7167
7151
7060
7011
7083
7120
7076
7073
7106
7187
7089
7022
7039
7066
7061
7147
7128
7112
7154
7122
7160
7003
7109
7111
7041
7050
7023
7075
6990
7037
7045
7117
7001
7052
7056
7010
7042
7171
7055
7079
7013
7165
7180
7114
7072
7026
7080
7046
7133
7084
7024
