70148
0
70138
40001
5160
39698
5120
32564
98
6935
898
68
70156
30475
2598
27594
47266
92
66701
39692
70141
4188
70139
96
47267
7607
140
12356
85
906
66
5058
18492
70163
137
45011
45
4186
7600
47301
18
32462
127
47562
66695
36429
76
22433
47274
3160
11956
34709
42
22429
4154
2
35209
12354
36436
36433
34391
3237
160
70137
47264
7598
70146
29857
41
66714
77
47314
20082
4069
70170
39181
45041
63
101
45035
4151
25145
45037
4228
39968
141
99
69
38193
16728
6944
7575
66688
112
66685
18493
5272
74
12750
1001
5327
1303
70149
58
12742
4170
959
39700
4108
4196
9
