7021
0
7022
6997
7089
7080
7078
6991
7011
7054
7083
7098
7139
6993
7005
7055
7144
6989
7027
7062
7133
7012
7075
7004
7051
7008
7065
7060
7084
7026
7001
6987
7028
7087
7076
7112
6994
7090
6996
6998
7025
7066
7074
7038
7107
7101
7077
7036
7002
7094
7006
7014
7016
7003
7050
7017
7031
7152
7071
7019
7116
6999
7052
6988
7044
7049
7169
7015
7029
7035
7106
7099
7040
7114
7033
7013
7151
7082
7009
7113
7034
7129
6986
7097
7042
7023
7024
7132
7069
7039
7058
7041
7109
7018
6992
7123
7000
7046
7045
7128
6995
7037
7010
7048
7073
6990
