7032
0
7019
7038
7073
6989
7006
7061
7002
7009
7034
6999
7120
33734
73822
73830
73832
73751
73846
73809
73829
73865
73773
73825
73747
73782
73754
73787
73810
33703
73881
33744
73783
73868
1600
73757
73835
73766
73770
73838
73848
73826
73743
73853
73818
73800
73886
73864
73917
73753
73854
73774
73871
73749
73804
73828
73777
73796
73916
73807
73907
73824
73887
73852
73847
73861
73834
73856
73760
73844
73863
73778
73843
73866
73744
62066
73799
62094
73769
73831
73836
73893
73851
73877
73780
73761
73795
73746
73791
73919
73790
73763
73840
73817
73801
73905
73768
73889
73792
73858
73798
73895
73750
73779
73870
73827
73901
73899
73833
73762
73849
73813
73803
73841
73781
73772
73806
73802
73759
73784
73814
73764
62077
73755
73789
73823
62137
73819
73788
73812
73900
