712
0
668
687
711
243
714
661
662
653
7792
7810
7816
7783
7788
1113
12225
12180
12174
1055
12234
12244
12196
12160
12279
12198
3822
12243
12178
12193
2913
12218
12209
12229
12187
1067
1641
12212
8332
12181
12184
12250
12222
1172
12158
12242
12161
12206
12264
12219
12155
9035
12226
12179
12171
12185
12207
7752
12197
12176
1064
12237
12162
12192
12240
1051
12216
1052
13831
13797
3880
1336
23536
28683
3001
28747
31237
31245
9012
31265
18301
31260
31252
31240
31309
7686
1189
31317
31274
31256
31323
3087
33706
4008
2899
36319
8107
1912
4483
30814
41856
19568
831
43119
43093
12786
856
48779
12671
59677
59667
50237
1061
59658
31176
1167
44316
59664
59665
59655
59663
59651
59672
