72022
0
72023
72030
33675
72047
72057
32973
63357
72038
72081
72084
72042
72090
69110
72055
72091
72092
22858
72041
72025
72024
72105
72060
9405
5306
72052
72125
72126
33609
72120
72010
72102
72093
4334
72124
72070
10420
72097
72128
72016
72108
72103
72015
33548
72050
72002
33630
72003
72037
72132
72032
72107
72076
33608
72133
72116
58967
9398
72095
72122
72101
72083
72079
72028
72053
33589
72009
72036
72115
33611
35356
50249
72048
22827
72123
894
72136
72059
72131
72008
72099
72029
69039
72137
72031
72085
4168
72113
3207
72094
72018
72017
72080
72012
72089
72140
72006
72020
72051
72004
72114
72068
72019
48639
72043
72034
72141
72044
72065
72130
72045
70051
72127
72046
72071
72058
72056
16422
12690
72033
72013
5757
72073
72088
12688
72054
33599
72109
22840
57864
72040
72139
72014
22868
72072
72138
72075
9765
72086
72049
72021
72074
72144
72026
72112
33561
72104
72111
72096
72145
72077
47615
72143
72146
72011
72027
72039
72119
22874
