7245
0
7228
5792
6663
7260
7280
2988
6290
7270
5832
7284
7319
6606
7221
7254
7244
7339
7223
7287
24165
24167
24171
24187
8174
18658
24192
803
24190
24183
24168
24159
24169
24176
24158
24166
24164
24178
24181
24155
24180
24182
24163
24185
24161
24170
12306
24154
24189
24175
6679
24150
24149
6688
24152
24191
18657
24153
24184
24162
24148
24197
733
24200
27916
7682
27915
10750
26003
2927
27942
7422
8160
14672
7441
27958
27945
7465
7669
5762
2038
27943
27963
27922
28020
27924
27957
27990
27989
27949
7671
27950
27979
27966
7647
2291
7668
27954
8110
27941
27953
27951
27948
28966
18615
28959
14596
28955
28961
28965
28957
28967
28972
28975
28963
28973
28970
7438
28985
4049
28977
29006
10801
30152
30175
30205
30211
30158
30207
30172
10774
6024
12079
30212
30162
30204
30189
30208
30116
6300
20223
30121
30120
14585
30155
29533
30203
30118
30146
30166
30151
30157
6277
26047
30192
30145
30148
30197
10764
30170
26894
30177
30159
30124
30188
30180
26152
26035
10802
6611
30153
30160
30144
30123
30156
20933
30149
20939
30186
18596
30182
30128
6603
2975
30190
29519
30142
29524
30132
30198
30117
30213
30185
30165
30129
30231
30143
30224
30535
30600
12210
30622
3667
3967
2899
15425
8991
30603
30543
12249
1803
1815
8378
12786
3634
22838
7479
9643
3640
6719
7404
30564
30594
12209
31948
12671
7660
10777
31947
10748
7739
31946
31945
50492
62596
7891
861
62572
41398
24417
62578
14577
33001
62631
62633
62597
33030
62602
27361
50482
62642
62583
37135
56284
15912
14690
62604
37127
33430
62575
62571
62594
62605
62565
36343
12798
62585
62555
14679
3999
12800
24410
3880
62595
52798
62562
62559
54720
62574
62556
6065
62554
54190
62569
7393
62561
3877
62558
62627
62576
6294
36252
26068
62582
7650
9212
8369
7953
52805
38164
62570
