7269
0
7310
7314
5832
679
7359
7201
7256
7223
3087
7246
7305
7275
7279
5792
7335
22215
22235
22233
22245
22226
662
22208
22239
22210
22256
22214
10835
22236
22201
13505
12529
20791
24264
24252
712
32306
32348
32305
32358
5442
32300
8363
32322
32372
32319
15349
36384
20592
36361
9070
4063
36402
727
66834
52252
66887
66860
9042
53005
66813
66844
9002
66875
42832
66878
9009
8993
701
52227
8385
9012
9050
66873
66818
62499
66816
66840
71334
48408
71311
71339
71366
26350
71312
71382
5244
71327
71314
71376
71328
71342
71343
71307
71359
41576
71349
71306
71407
71354
71317
48489
71305
71321
71412
71330
71344
71315
71381
71324
71323
71355
71316
71331
71387
71406
71333
71310
68739
71353
71329
71326
71325
71345
71319
72238
11737
1067
72241
1150
1178
1113
11741
10448
1169
11722
1111
12243
