727
0
675
667
687
661
648
682
654
712
662
693
649
705
730
733
736
647
680
725
673
659
243
652
327
3057
228
1912
3088
3101
3092
3085
3067
3051
3106
3091
3048
3060
14308
14282
14284
14345
14261
14320
1887
1519
23181
23139
23141
13787
23183
23167
20313
34263
14714
3966
11067
12634
34279
34252
34301
30611
34255
216
12663
34315
34269
34305
34282
34270
34326
34319
12637
36292
5252
36293
36280
822
36263
36284
9037
36260
1478
36295
5197
36300
3813
10835
23903
1548
1977
7269
2913
12641
39015
38980
39011
39051
7830
39000
39069
39010
39048
39034
39004
24885
39031
3898
39056
5235
48415
48404
48457
43101
48403
48499
48413
3815
48471
48444
48439
48402
48414
48527
12216
48473
48039
1470
48452
48014
48419
48407
48490
48455
48469
48498
44334
48504
48500
48416
48433
48426
39471
48436
48400
50197
50204
31922
52702
26534
54732
10146
22912
5442
31176
54738
11025
10957
67169
67157
11209
5435
67170
