72702
0
72667
27019
72700
9436
38697
11111
72649
11067
54780
72658
1060
72638
42213
29103
72726
42206
72661
72740
16666
12279
72636
72652
72664
72717
72641
72642
72671
36023
6624
72716
37259
16425
72689
6385
35046
22926
1189
72635
72639
54770
1158
11093
72734
72708
361
72679
9492
72659
10206
72655
10191
12786
72701
72698
12217
72712
72645
51708
72746
72682
72656
12250
322
72706
12244
22234
72699
72677
72681
3880
72668
31146
72663
732
1127
72688
72643
11037
72707
72685
36022
72722
72692
72654
72676
