732
0
736
735
6378
6372
6375
6391
6386
6402
6407
6368
6367
6373
6369
6374
6401
6384
6380
6393
6371
6370
6382
6397
6381
6405
6387
6385
6396
6403
9037
36026
36004
29103
36011
36065
36062
36088
36078
36047
10146
36013
16694
36067
30814
36005
36063
36030
36033
11059
36023
36057
36034
36995
37031
37001
11190
37070
13797
37057
14085
37056
37058
37020
37003
37042
37075
37074
30790
37037
37073
37036
37025
37027
37024
11191
37066
36740
37012
37063
37033
37029
37019
36994
36990
37039
37017
36712
37023
37021
37009
37007
36993
37043
37048
37005
37076
37011
37047
37053
37004
36999
37059
10191
37002
36996
11212
36997
37015
37049
37054
9434
37010
37032
37065
36989
12215
37035
37034
37064
37013
37051
37040
37052
16684
36998
37014
37044
36992
37006
37068
37069
37018
37022
37055
37060
37062
37041
37008
37067
37071
37072
10116
37028
36991
22234
47623
47680
64770
72699
12169
