734
0
735
732
657
708
682
730
705
736
680
675
659
681
327
693
711
727
739
662
723
661
687
709
714
660
243
654
712
684
7346
8363
10918
3087
1606
10893
43125
29712
8369
19568
3066
3967
30814
9035
28666
26240
12199
1641
2974
35055
4697
7228
58751
58740
58747
28887
58765
58819
58788
58763
58822
58768
58770
58758
58852
58733
58766
58752
58777
58866
58712
58799
58735
58767
58742
58781
58836
58730
58731
58723
58801
58841
58734
58769
58814
58775
58790
58804
58835
32367
58831
58724
9024
58719
58727
58760
58748
6391
58785
58806
58792
58826
58828
58839
58725
58743
58809
58739
58820
58772
58726
58794
58722
58714
58787
58732
58711
58749
58795
58789
58736
58783
58791
58757
58764
58741
