73747
0
73766
73783
73796
73812
73844
73759
73806
73754
73798
73752
73853
73804
62094
62066
73781
73825
73770
73851
73852
73784
73749
73757
73885
62064
73794
1600
73768
73827
73846
73813
73834
33703
7032
73787
73776
73869
73810
73802
73857
73854
73840
73762
73858
73847
73899
73901
73865
73868
73746
73788
73744
73756
73773
73760
73778
73816
73809
73824
73791
73772
62077
73848
73856
73919
73835
73814
73838
73817
73799
73779
73905
73826
73751
73864
33716
73832
73849
73782
73792
73863
73822
73800
73753
73761
73870
73866
73886
73833
73771
73819
