73766
0
73767
73816
33735
73762
73751
73852
73743
33703
73779
73744
73787
73780
73824
73868
73817
73802
73850
73828
73761
73803
73749
73784
73876
73851
73839
73848
73810
73768
73858
73864
73754
73869
73886
73826
73849
73853
73783
73772
73861
73892
73873
73804
73863
73844
73899
73777
73901
73796
73889
73760
73854
73813
73842
73835
73747
73866
73770
73788
73811
73795
73759
73753
73902
7032
73778
73769
73856
73791
1600
73872
73870
73906
73819
62094
73833
73773
73757
73764
73847
33734
73846
73905
73825
