73768
6
33703
73874
33734
73881
73896
73813
73821
62064
73902
73878
73755
73866
73863
73825
73759
73828
33716
33723
73912
73827
73883
73808
73802
73847
73875
73788
73824
73869
73907
73762
73751
73886
73823
73800
73753
73840
73837
1600
73885
73747
73899
73772
73789
73843
73856
73845
73867
73911
73795
73798
61848
73809
73842
73855
7032
73784
73814
73820
73773
73766
73771
73870
73810
73745
73854
73764
73826
73796
73791
73769
73807
73744
30637
73852
73797
73834
73765
73763
73782
73787
73757
73750
73794
73888
73777
73754
73892
73776
73848
73749
73817
73839
73921
73872
73806
73761
73906
73752
73746
73792
73916
73841
73851
73785
73812
73905
33735
73819
73850
73873
73783
73815
73805
73862
73770
73853
33699
33729
73830
73822
33744
73801
73893
73909
73915
73857
73864
73876
73767
62137
73831
73779
73895
73804
73778
73844
73793
73846
73858
73923
73781
73880
73774
73887
73849
73760
73799
73919
73835
73756
62077
73871
73833
