73854
0
33744
73864
73753
73873
73751
73870
73844
73773
73784
73850
73779
73757
73833
73835
73885
73868
73791
73809
73899
73756
73819
73811
73766
73912
73778
73765
73813
73815
73814
73846
73752
73776
73886
33735
73906
73866
73764
73787
73754
73780
73867
73874
73749
73799
73805
62077
73761
73853
73770
33716
73822
73904
33723
73882
73808
33703
73789
73746
73851
73806
73826
73781
73744
73802
73843
73803
73847
73762
73849
73817
73777
73747
73782
73824
73804
73869
1600
73783
73796
73861
73848
73767
73810
73901
73768
7032
73825
73905
73772
73759
73792
73827
