7392
7
7419
7423
1782
7391
7412
7453
2908
4677
6302
7436
7465
7480
757
7523
7398
7426
7396
7455
7443
6663
2945
7421
7410
7414
7430
7417
7470
7416
7476
1721
7422
7439
7408
7505
2027
7442
2904
7447
7395
7502
4700
7397
505
7393
1619
7441
8080
1374
19939
43924
4404
3491
20045
34101
855
3543
2900
2291
43938
1369
826
43945
4674
2971
16768
34083
4680
2009
216
636
4687
2903
19961
1829
71823
19941
71811
10763
7687
1836
23297
7695
71805
30374
1798
454
7700
30386
10772
31517
55367
52819
45717
71843
2934
19982
71807
27296
55437
26957
4407
71806
8128
27970
45997
