7398
6
7399
7421
7443
7415
7439
3545
7459
7395
7434
7433
7436
861
4859
7426
7397
7522
505
2935
7472
7408
7400
7392
526
7440
7430
4677
4700
4683
7422
7486
7391
2908
7448
26951
4404
26947
26953
26944
19982
26891
11711
26929
7695
26907
7678
4929
10743
26925
26957
7668
4694
20019
26900
15436
26972
26913
26284
24469
26943
26269
7654
26903
6315
3461
2026
2038
4675
2231
2217
2326
4394
41127
20061
499
10344
4662
41281
486
41972
30386
7642
27336
454
41968
42062
41966
41998
520
3548
41990
45973
16839
46000
24413
18171
46004
27279
31267
38405
4417
19937
45984
45997
46007
1028
19954
45988
46001
2914
45967
7644
12591
19965
20015
16762
7646
6237
46075
43924
4913
3527
1724
4429
45980
26775
34007
7687
45990
30374
45983
19948
3460
38388
33217
34070
29622
7710
7727
58880
58889
45129
5243
463
34089
58906
521
3462
2145
6264
58914
2336
3493
33223
58892
33356
3478
34121
23297
7685
58890
58879
55368
58895
2242
2361
4698
3470
45691
60672
44005
60670
3535
7852
22081
7723
22101
4725
6281
54237
2008
54221
62356
20069
