7403
1
2037
7434
7402
1720
7422
505
5589
7395
7408
7443
7400
7523
7464
7460
7496
7483
1721
2904
7476
1782
6663
4700
7493
7474
7409
2145
45698
10744
36227
45701
7670
24400
45702
45693
7694
45739
5638
38165
4669
7642
45704
9156
45705
27972
11762
45695
45728
10746
45697
45711
26559
45717
6671
7733
43411
9186
45696
45718
45731
9135
9133
10776
16308
38149
38167
45706
7668
26429
31093
38156
45694
45709
45729
45691
7723
24171
45713
45700
45708
45714
45733
27934
27922
10757
8258
1722
9166
26955
45690
45703
6303
9131
19982
2049
9169
10763
7660
454
3490
68918
2900
10892
7658
68920
12591
4431
7672
14577
58887
7678
24397
10772
27983
30386
5677
55437
1028
7700
45997
7695
4407
19941
7687
43924
10919
27970
71836
1029
63725
71835
66054
3336
12565
1025
12568
1026
1024
3314
12553
12560
12580
10925
10884
6344
3315
