7447
0
2037
7439
1721
7474
7464
7427
7449
7408
7403
7410
7455
7468
7392
4677
7391
5644
7434
7441
7493
7405
7407
7420
2945
7457
7397
9158
2049
9159
9165
9160
9140
9154
9133
9155
7690
9132
9136
5638
9167
9151
9201
9184
9186
9141
9176
9169
10772
19956
24423
3013
2324
4407
19938
6305
6671
45717
45711
43411
26955
10744
27299
27304
1722
7723
27971
1834
7670
45709
27934
2145
45696
45695
45690
45691
45707
45706
26429
10746
19672
12964
12959
12306
1608
5762
12301
71825
2934
7687
2914
20062
27947
1738
71841
66054
52819
55437
43924
27296
66046
27973
34064
27970
