74623
0
22986
36380
9069
8999
22983
74639
74647
23047
1225
22995
23040
11206
12022
74678
74600
20532
20537
22973
11232
12057
74610
74677
22992
74665
22996
23032
74606
27020
12068
11184
38301
23046
12066
74693
74703
74619
74663
1653
74714
23031
23033
74601
22985
74604
74634
74686
23057
74684
23024
12165
38311
74668
74643
23053
74667
38322
29667
74612
23050
74655
23025
20510
22968
20564
74644
23027
74613
23101
22967
12035
20575
74649
23087
74702
74652
23010
74607
23000
74656
74718
74707
23018
20533
22964
20519
74645
23014
22976
12188
17222
9034
23029
74599
23048
23003
74603
74615
22988
11211
74620
44110
74662
22980
27032
74648
74654
