7483
7
7400
7464
7460
2904
7455
1619
7472
7454
7493
7437
7496
7523
7403
7408
7426
6663
2908
7409
7395
7402
1721
505
2037
4677
24400
45714
6671
26429
45729
26559
7668
8258
1722
26955
7642
9135
9186
45701
9166
45719
45728
45735
45705
10746
45704
7670
38149
45702
9133
45733
45707
10776
9156
7733
45716
45732
45692
27972
45690
45703
45711
45696
30166
45738
43411
45726
45695
45697
7723
5638
38165
7694
2145
1834
45717
36227
45731
1028
45997
4654
4407
1029
2934
19982
454
7700
71806
7695
1738
55437
7687
71829
71835
7646
10763
19941
43924
63725
20062
26287
10772
27983
