750
0
811
769
593
806
771
823
775
782
753
785
759
776
786
745
849
744
778
820
767
774
814
594
791
875
748
768
749
821
788
790
763
751
799
861
826
804
770
793
834
755
784
801
747
783
762
794
766
829
777
773
566
743
761
772
764
796
816
754
808
757
803
758
815
800
756
765
847
12323
31763
35812
37085
50658
50665
24189
2324
2049
50661
7650
1369
50694
4694
3444
38820
1374
2056
50651
50673
50674
38822
4671
17891
50681
8034
50702
50663
50656
2927
50657
17948
50648
11931
50666
430
2903
52188
52200
4715
52199
2038
52184
17925
63826
63833
17932
38830
63831
17914
2291
31102
74445
74448
74456
74449
74461
7649
12509
70390
