75207
0
7712
75150
75201
51739
14710
51721
30320
75174
75190
3013
75233
8017
1578
13308
10985
30372
75165
75185
75151
75175
75205
51777
28061
30384
75164
75230
75154
75152
75178
4483
15762
1764
35952
75236
75163
75140
75226
713
75135
10918
3938
7966
75129
75186
75234
51706
75166
75144
75128
75229
75188
75208
75202
30363
75119
45998
75210
75192
75161
35943
40587
75143
75199
12773
14749
14764
3941
30423
28052
6624
75142
75124
4578
14395
3877
75134
75131
7958
28059
75180
75170
3889
75137
75209
75194
30395
75179
75136
13775
75176
