7557
0
7550
7548
7545
7542
7540
7534
7539
7546
7547
1641
7555
7535
7538
2590
7556
7533
7551
7558
7544
43616
43611
43665
43615
43651
43626
12186
43602
43662
43645
43706
20545
43717
43664
43625
43605
43633
43676
20515
43640
43600
8411
43699
43671
43658
12188
27908
43622
43635
43673
12247
13824
43624
43606
9050
43629
43607
43684
43634
8408
43642
20524
43599
43627
43623
43608
43707
8388
43655
653
43669
43685
43630
43689
43713
5893
9035
43659
8013
660
43686
43702
43614
1677
43603
43657
20540
8369
43638
