7568
6
26
5
4218
71
7576
94
7586
7596
84
92
56
7561
7570
7566
14
78
156
4205
85
7
4096
79
7585
3
7562
937
901
161
4086
7580
41
157
102
28
109
6944
18
77
52
101
29
9
53
99
959
983
4212
39
7573
7563
9779
918
9760
9784
4171
9744
4166
9804
9785
9796
4103
889
9747
9771
4
4119
952
4076
4249
9735
9738
9774
4104
9752
4150
9745
4152
4077
9749
9809
9739
9790
9381
927
9374
9798
9764
4210
9791
6929
6914
6878
6917
9767
9772
9801
9753
9799
9759
4155
4173
6940
6883
9773
4122
9808
4072
948
4163
9757
9373
9813
4127
1013
4147
4158
9803
9737
905
9756
941
9733
4164
34
9742
13423
13392
13432
4159
9389
13455
13435
944
4183
4214
12682
6945
13397
13433
6933
13462
13428
9377
13427
13426
13412
6884
6888
4102
13449
12697
13406
13395
957
13405
20
13408
904
4169
929
13415
13463
6924
4142
13440
13401
13402
13396
928
9380
4126
958
4091
6870
13416
13410
4117
4078
4211
4160
18884
4101
4207
4247
6960
17316
4215
12675
4206
4070
18878
21990
21972
21981
21996
21994
21985
29842
4124
30
29850
4202
29852
29844
972
6921
29863
29833
4241
29853
6892
6903
16728
6922
29846
12710
6885
987
4075
32290
12679
14189
991
32277
897
6898
14195
4093
32291
32293
32286
32273
29903
32295
32294
29989
32278
89
32284
31463
36
105
32425
126
32427
32464
32466
88
20105
32406
32459
32426
32404
32454
32483
148
32424
32419
32484
30476
32431
10
130
64
62
44
116
32409
20108
32478
32412
32467
20130
32462
32556
32586
32569
32550
32544
32540
32574
32543
32591
32567
32571
32578
32600
32559
32575
32566
32547
32561
32542
35
34402
1016
34380
20115
34376
34396
34389
34378
22432
34393
97
34381
34394
923
34395
0
4196
35998
14186
4334
12686
990
35984
35985
6899
59
136
140
115
20101
55233
40000
66693
22423
22434
20082
31483
45
52083
66692
47286
66736
66694
68956
68959
57477
18291
68951
68952
6923
25364
71499
71504
71505
71511
111
961
899
71516
71507
71498
61552
17
71510
4098
71501
71520
71522
31421
71513
71523
42
