7573
4
4205
109
7560
4218
5
7568
84
14
29
938
52
53
7607
77
41
7564
7581
7563
156
155
94
7566
7565
92
57
4170
4108
4162
39
101
73
79
102
99
16
7603
91
7593
71
7605
7609
7576
18
7600
1003
959
7614
12
7562
56
66
85
7
7587
26
7602
157
137
6944
61
7596
78
20117
20120
128
20081
0
20092
11975
150
42
20115
20087
20130
13
20142
136
64
899
12675
11958
47
105
20109
20116
20098
37
17
24
149
20101
86
18493
40
20103
20099
20134
20163
20102
6
151
20104
140
8
113
59
107
20105
20090
20127
32446
38
32461
32431
32422
32412
32432
32439
32484
32502
25157
117
32420
32427
168
32497
126
32450
32410
30
32478
36
1303
32454
31442
29857
32456
32477
32449
62
32462
32466
4152
88
130
148
32424
116
10
22429
46
35171
11956
35194
4196
4279
35168
4216
80
22461
35196
35265
76
16728
51
944
4151
20
4163
6928
12354
98
72
132
12742
45011
45022
5182
45045
123
45014
45035
46929
46895
46919
46897
6922
46922
22425
46896
46906
46913
46916
141
164
32
135
17038
1001
95
17070
1
47348
47339
47293
47274
47276
30475
35
25146
34382
139
47555
133
34395
18524
55224
55233
55242
122
57454
25
57425
81
57460
57442
4334
57434
46643
57441
60858
70195
13535
70244
22428
