7578
0
7579
52
18
7581
79
7593
3
7595
70
142
69
910
7622
61
68
7566
7610
101
7576
71
7572
7565
92
85
129
4085
894
7582
75
932
99
7596
7584
82
1003
77
6928
153
124
12012
11963
11981
11988
11957
11949
11936
11946
889
3160
891
11980
31414
31433
31478
31477
31476
31420
951
971
31413
970
31491
31457
31442
903
31418
950
31452
31415
31438
895
54
97
25136
4222
31431
31428
31447
22451
31445
974
31469
31440
40
915
31451
31417
110
31453
31444
31448
4185
31419
928
31423
31421
31422
31466
890
31439
20137
31426
38194
913
38229
34722
955
38200
32461
20119
38188
38189
32405
34
982
998
61552
61556
61538
25107
46925
61542
61562
61550
61544
