7593
0
7587
9
6944
61
7602
52
7576
68
7603
155
910
158
4086
56
33
3
70
43
91
7570
71
7609
7611
142
898
7562
7605
4108
39
66
7569
84
7594
7596
127
7579
7568
12
7583
29
4212
53
7584
7
7625
85
144
7571
7606
78
7595
129
157
7573
7581
2598
57
930
27
109
4213
75
7566
7574
69
7600
73
28
7598
894
7561
4121
14
7572
26
79
4218
4082
102
5
18
137
5170
99
938
16
7563
906
7582
156
94
77
4205
7586
7565
959
7578
161
7626
7577
7564
60
1003
5792
82
92
11942
64
20115
17
113
20106
20109
13
20086
928
86
37
11952
149
128
40
47
105
162
11958
20137
11975
20104
20125
20096
20127
20159
107
20091
20090
20082
20105
18493
8
59
20122
11970
20097
20119
136
20081
42
20099
20084
150
6
20116
20083
20092
20085
24
140
20087
955
907
20120
63
12675
20102
32402
125
88
4229
32415
44
32459
32466
36
32485
32411
32429
32446
117
31422
32431
148
31490
32439
38
12721
32410
30476
4158
32421
32413
18485
32432
116
49
32448
32406
9744
30
32409
32503
32418
29857
32461
32478
130
62
32474
168
32454
32481
10
32462
32476
126
32438
32433
32422
1303
46900
46927
46896
46928
46906
5058
46925
46913
46929
46895
46930
960
72
20982
46890
164
6928
22430
87
4103
90
22425
46
46916
46922
143
11956
21996
972
46903
2
34
4200
35209
46921
135
46905
45046
4
76
38193
20
46918
57416
57446
39249
51
18524
40000
12742
22424
39247
57413
57461
106
27535
25
81
18521
11935
124
931
55236
60849
60872
60835
4216
60858
47582
55248
60844
55209
93
30501
80
55207
11951
5182
11938
30481
60829
60846
123
45
25123
71285
34395
71287
11982
936
134
160
153
71290
70022
71302
71282
71286
34396
71284
6914
67110
36433
72965
31434
72987
30475
72966
