763
0
764
790
751
812
813
760
744
833
809
784
785
753
775
748
594
767
792
777
822
757
794
752
769
818
804
850
772
821
759
766
749
861
803
808
762
793
835
799
801
786
783
774
811
765
826
756
817
758
849
776
593
782
771
750
796
791
754
787
773
820
747
807
800
781
847
743
788
814
823
768
770
745
778
875
829
806
816
50679
430
7646
50661
1369
50701
12093
31763
50651
50693
17948
50702
4671
2246
11931
38825
50677
38820
38822
50655
50666
17891
7695
8047
8078
50694
7662
2927
2908
13559
8061
8037
31764
50711
5650
50663
50674
40115
50691
2324
50681
50715
50714
7650
8034
31784
17908
16400
8044
1374
50698
31771
35812
38821
50649
4694
3444
50650
8069
2056
63832
63828
17914
38830
18472
63834
17932
9824
42303
63827
63831
13345
8110
69355
55531
8064
69364
69365
3422
15164
74468
6316
31102
2291
74447
457
3426
12561
74438
74456
2038
72906
8369
504
74526
499
74535
10344
70390
2900
7649
3425
71823
4725
74536
12509
