7642
0
7651
6702
2945
7653
7727
7716
7719
7678
7698
7675
7681
7733
7694
2927
7740
7718
7664
7648
7754
7690
7734
7732
7668
7650
4777
6679
7693
7691
4749
2302
7671
6303
505
7686
2291
2909
7736
2256
7669
1744
7679
7710
2049
2037
4725
1782
803
7707
7722
7672
7649
7667
7683
2225
6300
7744
5762
7749
7656
7666
632
6304
7659
2321
7647
3491
7643
7702
6719
7654
2324
7706
6639
7723
7700
2912
4739
4680
7658
2145
4710
10769
10809
10704
10798
10801
7979
7439
10762
10821
7423
7443
10805
7873
7502
2903
10781
4483
10800
10757
8353
10791
10811
10774
10748
10808
7417
10815
10740
10759
7964
4407
10749
10764
10763
10750
10820
10761
10744
10745
5599
10777
10743
10768
10767
10789
10799
10803
10746
10776
10810
10772
10814
7480
10790
10747
9154
5589
19986
19939
19942
16839
19988
19982
7405
12965
7416
19951
2309
19983
4859
19956
7414
19973
4669
19941
19954
7410
1836
19964
19936
19974
19980
19970
7422
4845
7432
9166
27314
27308
27304
17105
27318
27299
1803
1742
26900
11440
18322
31263
2960
31297
6755
27931
7994
31251
31264
12306
15962
1374
4049
1115
24400
31305
31287
31267
3967
31283
24171
1842
9155
7938
31243
2908
34069
34071
18801
32924
34121
34139
9678
34126
2975
6259
34093
2028
34098
4394
30126
34078
29565
31948
7867
7441
1722
38144
13375
2900
5644
38156
27384
5576
7474
7821
6024
38152
24361
31947
15892
38149
6663
38164
2328
14080
1764
38167
38165
26137
5638
31846
4879
454
2070
3470
19283
25302
7459
2038
4662
16768
26572
41992
42016
41965
41960
486
33430
26154
26330
36332
10344
41968
20456
41994
4677
41256
25306
42064
3548
41966
41998
7398
45715
45709
45717
45693
30166
45701
45711
45740
45691
45707
9133
7454
26559
7469
9186
27922
45700
7408
31046
45721
45731
7483
39145
43411
45696
7400
45704
9135
45710
26429
5899
45692
26955
27934
1834
45695
7403
45690
45694
27971
24988
52825
43380
52819
52835
52826
52812
1619
52827
52798
7421
25223
54198
11658
49905
54200
54224
54222
14076
28259
861
4752
8337
54195
25222
8341
54209
4658
43429
5578
18658
54194
37081
43405
826
58883
6283
58881
39754
6237
14576
7486
3462
4913
45984
7472
58887
45129
58935
58885
33223
521
6252
55368
58906
58880
43924
2336
13559
29524
58886
66046
66054
16464
3989
3907
8335
66057
66096
62976
7430
66139
26944
