7654
0
2945
7689
6702
7693
7670
7677
2256
7706
5762
7702
7660
7669
7752
7681
7749
7442
7710
6304
7723
7683
7690
7694
7672
7680
2321
1744
7671
7691
7754
7739
7724
7695
7324
7761
7685
7651
2225
505
4777
7729
7646
7667
7733
3491
7719
2324
7678
7722
7735
7717
1721
7705
2904
2037
2145
7664
2049
7661
7696
7643
7727
7687
7773
2927
7642
1807
1782
7668
6303
2302
7658
4680
498
7741
7647
4671
7728
7740
2291
2909
6638
7652
2912
4694
4674
7707
7701
7686
7653
26893
26892
26891
10808
5638
7423
6315
26909
26294
2309
6272
679
12565
26972
26952
15436
6256
26903
2960
24151
4677
26900
26899
7432
7415
26943
7399
26958
26925
7900
26951
7416
26929
26912
26955
26269
6259
26965
9169
10743
24469
26905
4404
26967
16753
26944
826
3461
2935
26974
26504
7398
26913
6262
26947
26953
19982
26894
19959
10892
7493
26889
11711
7426
26284
26950
34069
55403
55437
1724
2892
43924
7430
55368
27947
27972
10772
55418
31263
20061
55434
7409
19955
20941
4700
4407
18818
7395
34102
45691
1829
7459
4692
45987
13559
570
6264
4913
4695
58880
2336
33223
580
29524
58923
58907
50140
34071
58909
26246
58888
58919
58893
3462
58890
58881
7486
41972
23297
6237
548
58895
58892
26572
460
2022
45129
6328
58879
16762
4662
58889
58903
58891
41250
58900
30390
4394
2242
7908
58914
19937
463
39754
7472
3528
456
58887
3493
45984
10757
521
30166
41990
58929
2361
58886
46013
46011
41968
41998
