7672
0
7647
7727
2909
7658
7660
2321
7643
2291
7669
5762
7719
6304
7664
7642
2302
1782
7679
7712
4777
7671
7736
7739
7678
7681
2324
7733
7666
7668
2038
9855
1374
9856
8335
2903
7867
10748
7979
10805
10750
7964
7417
10781
7423
10743
10790
10799
10810
10766
10761
10764
10803
10758
7443
10791
1178
11719
4662
1160
11753
15984
15977
16001
15976
15979
15981
15963
12192
15967
15968
15971
15991
15959
15974
15970
15973
15964
19983
7432
19986
19977
19941
7410
7414
19951
11620
43402
43382
43377
43391
43405
2960
18756
38174
43380
16295
43401
43379
43429
43403
36086
43384
43396
679
19181
4063
12243
34069
5644
8080
26023
14577
1113
9166
7403
861
2900
