7675
4
7676
7695
2049
4671
4714
7762
7652
4674
4725
7653
7694
2904
7685
7710
4658
7923
7952
8007
7945
7942
7949
2984
2935
12565
7452
14576
3087
2903
1437
14611
2997
1619
17135
20882
20833
22263
2038
15885
4940
26504
7472
33202
33205
33257
33227
2964
33241
7429
33210
11691
33215
19982
6272
3490
2242
33201
33249
33188
33225
2942
33229
33252
15882
16908
13566
35593
35582
16287
35555
35548
35549
36354
36356
4672
18596
36333
662
19653
36407
36331
1374
36404
486
43399
7480
43395
31846
3548
4715
4859
4654
50567
43915
4383
