7685
0
7677
7710
505
7705
2291
2945
7648
4680
1807
7647
7671
7669
6303
7649
4766
7642
7691
7678
7696
7653
7698
7765
7646
2302
6679
3491
7736
7650
5762
7773
3880
7763
7744
2324
2256
1782
7680
7675
2909
7666
817
4674
485
6304
2912
7707
6719
2321
1744
7641
7681
7651
7654
2927
7660
7732
7716
6300
7442
4694
7756
6278
34089
7444
2975
34068
2908
34064
18801
16801
10743
34120
2028
34102
7443
6243
19965
6315
34069
2903
6312
34070
7416
7439
1374
20046
24469
4394
34092
9678
34082
58881
3462
58895
6603
14576
58894
5243
58889
26953
26943
41990
3461
58920
13559
58882
58899
58908
58893
2242
2013
26246
2361
456
41968
6237
6328
46013
27308
58886
58924
41250
16762
4692
58916
3493
3478
41972
58880
19966
4913
58890
58906
521
46011
2022
826
43418
41998
58900
6252
58909
7398
23297
7459
1829
45984
4662
26925
19982
19937
4695
19948
43924
26572
