7690
0
7691
7712
2246
5762
7687
7700
7706
7732
2291
4714
7654
7659
7678
7455
7647
7672
7727
7723
4725
2145
7722
7714
3034
6300
7658
2927
7694
7702
817
7695
7693
2049
505
4694
7645
6702
7767
7679
2321
7739
7642
7753
1782
7668
6303
7689
7716
1781
3491
2225
7650
7736
7710
7686
2909
7676
1744
7719
7669
7664
7671
2302
7754
6304
7733
4777
2324
7670
3880
7681
7656
803
485
8160
8258
2309
7867
8170
6688
7412
7964
7979
7422
9152
9171
7493
9158
9178
9151
9134
9139
7478
9174
9138
1219
9212
9183
9154
9140
9133
9155
9186
7395
9149
9163
9167
7505
9159
9206
713
5638
9141
9169
9147
9160
7438
7447
9166
9157
9131
19990
19954
4669
19986
7416
5589
10772
19988
10791
19941
10799
19944
7431
7432
7433
19942
6278
19983
19991
19956
10743
4407
19949
19951
7410
10810
12965
7405
10761
7452
27940
27933
1722
20052
10750
26945
27922
27967
8128
7245
8080
26428
27934
27959
27937
2987
27971
27928
1720
27915
1738
1695
26429
27921
27931
27972
7441
2038
27961
4700
55434
7409
10808
55405
55437
45691
20061
2892
55368
55367
1824
7430
34069
7439
7136
8399
1578
33258
62432
14759
31296
62428
2960
62442
31075
62429
556
62472
62471
62425
18322
62436
31571
31046
45707
62493
20261
31093
62424
31081
62487
7396
62441
62431
7426
8017
6755
31259
8013
62474
3898
6624
