7695
0
7666
7683
7739
7678
2912
3491
1807
7690
4714
7442
7698
7754
7736
6303
7651
2225
1721
7691
2945
2246
2291
7716
7650
2927
7700
1782
7646
7687
2037
7707
7679
505
4694
498
7649
7727
7648
2908
4677
7953
10789
1336
20432
7891
20431
6259
11711
12533
26965
4052
826
1720
7422
10750
27947
27943
2038
27930
8080
27945
27985
19951
8110
27972
1738
7441
27934
2070
7396
9131
13559
16400
34078
10763
775
1374
4407
50371
10772
4700
55367
7409
43924
7439
9197
456
7486
4662
1028
71807
2914
53216
527
27296
2903
12306
48758
861
43946
18605
10799
