7710
2
7648
2321
7675
7650
4725
4714
7690
7716
7709
2049
7654
2904
7666
2900
14576
3087
1619
15755
3545
11283
19012
18795
3471
2009
6262
10903
1767
21271
21316
19954
21308
21296
16737
21350
21414
21423
21281
21251
15885
26504
31846
5983
31833
31803
31811
31860
33239
33205
33225
9136
33199
16282
33255
33245
2942
33229
33215
33236
21846
33192
35591
16312
19606
35574
36356
1374
36344
662
10344
24423
14140
36409
36404
486
43389
7480
7410
43399
43381
50567
50549
4859
8034
9155
26912
50697
54120
16315
14123
43479
54092
6340
54109
5243
54087
54122
2038
54197
54221
26414
50949
33403
26357
55368
30434
4913
58881
4394
7459
34089
34102
58879
34070
58913
58927
59367
13615
59352
59436
10361
60893
3512
3513
24984
26946
24413
24960
40132
63714
63689
63705
63697
63690
39297
66171
66189
66173
68029
56318
68043
26269
18605
4056
10948
