7733
0
7734
7442
2945
7681
3880
4714
4766
7678
7658
817
7660
1807
2145
485
4749
6300
7677
7654
7740
7672
7650
7690
6702
7671
2321
4710
7659
4739
7717
2225
7689
803
7686
7716
2909
5762
7664
7669
7642
6304
7688
7707
7667
7649
3999
7710
4777
2037
2912
2324
757
2246
7706
7691
2291
7675
10745
10803
10769
10822
10746
10777
1087
10808
10799
10772
10798
10790
10810
10764
10750
10762
27961
7493
26429
7441
2038
7422
1722
27922
8080
7464
7245
24168
12520
27952
27942
2987
27931
33020
29519
4049
1336
6294
12306
6251
26047
26019
6305
6024
2900
713
4403
2070
2990
5578
4436
2026
3434
38144
5644
38149
2908
38156
7474
38165
5576
14656
23948
2899
31233
38164
1374
9160
38167
24361
7821
2328
38142
38161
26137
7429
41965
36332
33430
4677
9166
45721
7416
39145
45702
45694
26559
24171
9135
7409
45692
27299
45707
45730
45713
9133
45700
11762
7469
7408
45696
45724
43411
36227
30166
45711
45716
15425
7432
58887
861
68920
14577
26021
5589
2975
34069
4431
26023
68924
