7783
0
7784
7801
7808
7788
7791
7806
7796
7807
8332
659
8341
8331
8353
8013
5850
8333
6624
679
8360
8385
5844
8337
8390
8368
7958
1658
8359
3898
8369
8388
661
8408
8356
701
713
9037
1046
12170
714
1052
9050
1055
660
11111
314
724
1115
12158
18197
7712
8997
18162
5243
10926
1578
20458
17092
17131
20900
18890
12786
14831
13283
18889
1764
1142
18910
17124
10903
12671
4728
3941
20835
16270
12785
11637
8107
12147
15268
9095
23922
19461
9002
9003
23926
23834
2991
29709
29765
29750
29814
29790
29772
1189
12222
31260
21129
1113
12241
18322
18296
8999
47790
12773
617
9022
7257
216
4658
7280
6251
59523
1303
59482
59470
9035
10413
28095
36480
59682
12164
1061
668
44316
1167
59696
61485
61937
3975
1121
62473
18080
12188
20601
55307
58023
36086
73709
73706
64047
73714
