7851
0
2033
7861
3401
7834
3120
7878
3366
7883
7890
3314
7885
2038
2026
2111
7863
7849
7844
2225
7840
3410
7843
7848
7857
7859
7881
4413
3433
3348
849
4398
7829
3454
7853
3426
3315
2062
803
7858
3394
1030
2333
16430
1374
8319
2689
3423
16420
16418
1402
2326
16470
16456
5673
1347
27855
3341
29614
29599
29629
27842
29603
29641
2121
7650
26602
29608
29617
29586
29601
4852
17452
29578
29606
29581
29633
29627
29594
834
27787
29585
29643
3425
2110
26378
29582
25648
29588
51090
37493
51099
26358
51127
430
12876
12866
5832
12997
5792
20203
12820
2353
20214
51104
27819
51118
37473
17402
20169
2021
3374
3346
3416
2254
55339
433
