7852
0
1744
7855
2931
3314
817
2328
2922
5762
849
7838
4431
2900
2038
7441
2026
7867
3401
1656
2984
803
7864
7865
7649
5644
7873
2291
4692
7876
7270
7707
4686
19778
12589
4725
19736
12620
18926
4846
2936
19748
7432
7443
4694
19960
10767
9856
10799
7647
6312
26299
10892
26285
636
26269
19982
4662
7449
26275
2321
9665
26284
5599
26277
26280
26293
43918
43921
8080
43914
20005
2908
2927
16768
43944
3491
2990
43946
4044
19939
43924
2037
4680
1807
12885
20014
19937
43915
520
20045
7442
4404
43925
1374
7393
2904
13559
2903
6243
4687
826
4766
7650
2008
10743
19970
3543
3346
3416
2947
12615
3360
3372
3325
50095
4902
6303
4903
62355
22120
7422
20019
4822
7398
25203
3548
7723
2309
38405
24469
20054
