7858
0
855
7859
2333
499
7834
7878
3314
3365
3410
1257
3348
4398
3394
7905
2033
2038
3120
7848
3366
7881
3426
3315
7840
7829
7835
803
2062
2026
849
7857
7853
7863
7911
7885
7844
7861
2328
3433
7882
2111
7849
7843
7851
3423
1374
16416
8319
16431
1024
16461
1402
16456
5673
16470
26602
3341
29633
29578
24223
29595
29586
26378
29607
26582
29601
29585
29599
16493
532
29643
17384
15160
2121
17452
29582
24213
29612
29623
17442
29602
29581
1347
29594
29629
29627
29583
29614
834
25648
29638
2042
29642
26594
17390
17400
27408
29598
1382
51095
32680
18557
430
20169
4440
2117
37493
15195
51104
51115
2021
20214
17842
51096
3374
51099
36786
51127
26773
25653
27819
2353
20203
2269
2051
19644
3319
3422
3416
4389
11846
4422
26724
3297
4371
3441
2908
3307
3353
3357
11839
1386
3332
11921
3351
55281
3338
3336
802
55339
17461
4399
9877
15151
2254
73022
3322
20191
1385
4405
3318
11840
