7881
0
4398
7819
7898
1257
7849
2026
7848
7835
2062
3365
3410
7831
7892
3394
3366
3348
2033
7886
7840
7861
2111
7854
7834
3433
15154
3309
15160
4393
15162
4455
11899
3355
3446
15180
15177
3428
3360
15152
15195
4367
15187
3344
3311
15164
12615
3316
15170
11840
15159
3313
3364
3302
4399
4440
15189
3336
3395
15174
3358
15161
3337
3339
15215
9847
10908
15178
3329
15156
12608
17452
464
17385
17464
17390
18555
18554
18557
4362
3324
2269
4369
4405
26768
2219
26770
2037
4451
9876
4465
11902
3295
2117
4375
11829
4464
2254
26781
29588
2121
29586
29623
29606
15449
1402
29607
29577
29634
24223
25648
36779
3319
26595
37504
37505
3306
37493
13639
51088
19828
51104
51117
430
51100
20214
32680
11851
3328
55339
54543
26579
58377
58327
3382
68883
27836
72148
10882
38371
4456
4445
2337
4379
3427
35366
3323
3305
12543
50098
19788
