791
0
787
823
792
754
816
782
843
814
748
755
812
762
753
756
859
768
820
815
763
807
766
799
796
750
811
806
828
771
749
834
743
783
775
777
784
594
786
769
761
794
764
826
751
795
778
770
774
785
776
833
808
838
744
829
847
801
790
759
745
803
760
804
772
789
788
593
800
818
758
835
747
752
773
8044
8054
8110
1374
2996
8064
8047
8046
8067
8061
8069
8105
8092
8034
8070
8073
8091
8078
8079
8060
8056
4677
8037
8048
5677
8051
37110
37107
37095
31764
430
37115
37149
37130
3433
37085
37089
37117
37090
3444
37114
31786
31763
37105
37083
37128
37096
6688
38820
38822
17891
2056
38821
38824
38831
38830
17914
7873
6679
40115
18473
40121
6316
2230
4407
7646
3545
50670
17948
50663
50690
50701
50655
3448
50706
50661
50650
50648
26912
50687
50654
50651
50658
50679
9089
9910
50719
50699
50665
50675
31771
50688
31774
50672
50702
16400
50697
50725
50649
50657
50689
50656
50677
50715
50694
17908
4398
50666
50673
50669
50698
50681
50686
34078
50674
50710
50683
50700
50714
4671
17965
5792
52190
52186
5832
52184
52188
52194
52200
31770
52222
17896
63829
63833
17887
18472
63830
13360
69361
69355
69364
69353
74456
74438
74471
74447
7521
3425
70390
74537
74535
15888
71823
16360
26123
