794
0
790
759
825
832
743
817
835
839
788
786
799
821
765
768
766
767
803
833
762
814
774
826
807
763
760
764
776
795
745
800
748
775
751
783
756
841
752
781
747
772
812
770
836
818
777
750
789
829
858
754
808
758
847
784
862
816
813
771
782
785
744
824
778
823
793
811
792
796
804
773
801
861
840
769
791
837
755
753
815
806
749
820
38823
38824
38822
10718
38828
38821
2056
38820
38830
17914
38825
38831
17939
10734
38826
17891
17916
17947
50674
50661
51074
63835
42303
63830
8085
8257
9824
2049
17932
63834
22192
17908
18472
17948
17903
63832
13348
430
17901
