796
0
785
789
593
744
800
764
790
829
835
791
773
760
752
807
783
594
847
824
799
794
784
818
772
750
792
758
756
747
763
766
808
774
748
786
812
769
795
776
771
743
823
762
787
753
778
8061
8034
22120
27075
27106
15945
27065
27069
1047
27095
2056
38825
38831
17894
17891
38821
38829
38823
38820
40084
17948
17965
50711
50665
50662
50669
8078
50657
50672
50648
50663
50661
37145
50674
19713
13354
13377
17937
13374
30676
30674
19711
30654
63829
13372
18472
63834
13344
63827
69364
69356
69362
19712
71698
71721
71720
71701
71738
71703
13356
71730
71718
74440
74438
74526
74560
