8
0
9
154
129
144
34
14
116
80
66
75
41
137
124
108
10
92
68
54
38
26
36
46
39
5
101
16
48
28
153
113
102
111
7
77
119
43
168
52
53
91
45
12
130
18
156
51
3
85
30
110
44
57
135
82
115
99
126
20
70
140
149
69
173
86
94
161
132
158
76
164
63
127
123
15
56
107
902
906
7613
928
894
932
4147
4164
4119
4155
4150
983
4103
4077
938
20105
20092
20115
899
7562
1003
923
20087
18493
7583
7593
20097
7573
11958
7576
7561
20104
31422
7566
32466
32461
32411
4085
930
31442
4108
7560
32478
32402
32462
7606
32409
32464
32431
32404
32401
66689
66688
22432
34378
22429
39698
898
32274
6928
47288
4148
66684
4212
47286
7607
35194
4264
7600
22436
4069
6944
45046
22433
45014
4198
4170
34381
31420
959
6569
66713
16728
7601
45041
4105
66733
910
45011
66705
