800
0
801
769
791
792
755
753
749
807
763
760
790
764
835
748
775
750
821
768
751
766
756
767
803
781
594
818
762
796
814
789
776
809
822
847
784
774
816
771
783
849
752
747
824
770
836
777
745
823
793
754
808
758
841
794
782
815
785
786
806
820
778
772
788
744
787
811
743
799
804
773
831
765
4398
38825
50674
2927
4671
38820
1374
37145
8078
7429
4694
8034
31784
2246
50679
8044
38822
20035
17948
50693
5650
17891
50672
31766
2324
35812
38821
430
31774
1369
2056
50661
50694
50657
17908
7710
7695
38830
63827
17947
13372
63826
17914
8257
17939
8085
63835
17901
42303
52184
63834
17932
18472
63831
63828
69356
38826
8064
8110
69354
69361
69364
