802
0
803
813
839
864
831
844
859
848
869
834
827
2899
2930
2986
10901
9641
3336
10955
3883
8982
2689
3297
7270
10898
2108
10938
10913
10916
3915
3967
1347
10870
3314
3422
5676
10931
10896
10878
3375
10942
3953
3394
10897
3352
10948
10940
10934
3904
4658
6825
12854
3374
3307
3348
3365
4846
2038
20903
20915
4718
13283
3882
4666
9633
21306
3525
4654
14722
19020
3903
3391
34168
34175
3873
34171
3296
3323
40138
3880
15861
41480
3471
2009
3568
14806
1175
58449
28021
14643
18964
2544
4483
3087
74391
74375
56029
