806
0
831
785
841
756
824
775
795
749
818
762
822
809
801
784
744
750
766
808
803
835
566
793
796
752
778
823
754
763
781
765
804
758
770
774
863
875
811
792
786
748
800
751
776
764
773
791
833
787
772
794
7966
13350
3444
13377
13358
13370
13348
13344
13362
2908
7695
13345
13366
13369
13347
13364
13361
13357
504
13355
10734
13367
13360
13383
13378
13368
1658
38825
17939
17891
38829
2056
17894
38826
38831
38830
38820
17914
38821
38824
19721
17888
17948
17942
17938
42303
17901
17916
17898
42300
2969
42306
713
19004
17932
19713
40475
42305
17903
42308
42324
17909
1369
17944
50661
1656
52191
3422
19719
17897
2038
71698
71713
71706
71719
63758
1641
71720
63834
18472
