8078
0
8044
847
8034
8079
8070
8035
594
8051
799
8045
1374
8081
8033
791
8096
8046
8047
4662
8054
593
4677
8069
807
8071
8089
757
8048
8052
8068
8076
31765
430
5832
31775
31763
808
31771
31778
31784
3444
31777
31770
5792
31764
31773
31776
786
31766
782
796
50699
50698
12093
35812
50658
50660
50648
4694
50662
749
50694
37085
776
771
50688
50669
775
787
17965
50703
762
788
50655
50293
7710
2927
763
785
778
50659
1369
50682
2246
50683
50700
50649
37130
69353
811
37115
69355
37105
745
6316
74469
777
