809
0
810
763
748
822
842
855
843
831
3496
4680
3934
14609
9005
1641
1608
1578
714
14592
2049
4653
701
14658
4687
4729
2899
6755
5327
7270
3880
19194
6385
8017
3967
19171
19170
8107
5243
20313
17790
12786
13359
12671
7491
5332
4658
19923
20738
1115
2987
20740
20709
3999
23228
679
8359
7257
4734
8341
5845
228
1182
11736
2906
3889
33439
2228
2294
33430
18804
9030
2240
12866
4859
659
2038
2109
36194
43101
34815
712
30814
3936
1606
10918
1764
43098
18891
17118
653
43111
2927
19860
6719
8180
3905
1374
9035
1709
14722
43092
1563
13310
10358
14759
8363
3938
1317
14744
18104
216
2913
12529
14345
17560
12785
57788
7883
7938
3440
7994
4063
3444
243
327
4584
7965
10957
665
693
23142
9524
649
667
699
39466
710
690
13811
723
5210
654
672
733
647
696
721
648
687
702
229
64268
708
694
668
673
736
727
13790
725
1912
707
669
705
13776
23903
1958
45419
676
737
726
729
684
14798
3879
24128
69950
69929
24321
17628
4686
5322
20868
4483
7953
