8107
4
7826
7270
14750
10737
14709
713
7953
14710
11641
1578
6624
2899
4063
2987
733
14764
14734
831
1764
1563
14739
14749
14223
14831
14744
822
3938
4658
8004
14839
701
1745
4578
14220
17097
17086
17118
6719
10229
7808
1067
18301
18313
20738
20709
12786
12671
10939
5298
19927
13283
714
20916
679
2324
12785
872
20917
20458
20859
4000
20875
20888
7783
649
20873
9633
20915
20849
15762
4686
3936
5639
3545
26036
26348
30529
12210
8378
30569
1143
8386
18162
30619
22838
10970
33224
15741
33210
33213
7429
18709
3983
7665
659
856
12640
34283
12658
34333
34295
10918
712
12529
6825
12344
8017
7712
38877
7891
28649
22288
34590
448
7994
33458
40594
40615
40569
36686
40618
40587
22901
40575
13284
35876
24328
11730
21816
40584
8014
24459
9080
37469
40588
12810
41800
41809
18893
41811
1762
37600
3905
43096
4729
10358
7324
1712
28370
20482
53039
20477
26044
42891
4716
14206
6008
10157
64047
64048
10909
60187
15208
15217
24331
59671
12804
48241
24319
51873
72875
55529
36027
