826
0
775
809
817
861
849
850
860
807
828
831
594
855
876
752
834
3527
4664
1807
4752
4710
4673
4671
4783
499
4729
2904
1374
3549
2009
527
3511
4658
3497
2246
4700
2927
4657
1369
3434
2297
4662
4694
4672
679
2324
4809
1759
3543
3568
2291
4680
2945
4740
4704
4653
1656
454
4777
4725
4683
4677
4686
4693
3491
4654
3469
4692
2049
2037
3464
3420
6259
6242
6337
2900
6239
5825
6300
6316
6249
2908
6302
6292
6264
3490
6303
6304
2301
6663
7270
1606
7276
7300
7282
7257
7373
2913
2988
7318
5792
10873
10939
10918
10893
7953
2996
3967
10903
3889
7830
2026
10884
3899
7958
1030
7974
216
11738
11737
7964
11750
1764
7873
7979
11751
11786
10790
716
7867
11736
7678
2987
7423
7672
11759
1744
12513
12514
1641
2070
660
12508
12528
10704
8369
12510
1840
2038
12524
2042
4940
4052
7488
3898
7662
2899
653
2062
2021
12520
7414
2256
24965
1336
24960
9030
10799
4401
14665
4394
2361
19156
6608
3489
7429
24957
3493
24995
3531
24990
2302
26553
2241
2249
4407
18799
20007
4464
13283
2231
20005
2102
3463
2226
2225
3347
2269
2300
10743
26936
2935
2029
12533
7695
20014
7654
19982
26912
14577
10808
7432
26948
7493
26901
26957
26900
26911
26974
2960
26931
26953
7666
7501
26942
12565
7668
26919
26955
2975
4404
10754
26893
5638
26962
26915
14611
3526
31542
31534
1653
5578
31556
31561
12637
1658
7449
7660
662
10777
20052
31944
5442
10748
16768
7417
41250
13559
43931
43927
12832
31738
5243
14239
41962
7852
43921
43918
19970
43930
43914
4044
18801
20045
43944
7442
19939
43946
7393
2008
7650
2903
255
8080
1619
44832
44834
2931
4431
36578
7440
44833
4049
4408
2014
46172
25223
46228
12306
46241
25643
2123
7671
46221
5762
25660
46193
18596
7441
712
11088
48697
43257
48724
22521
26023
7438
48758
6024
14140
43399
7658
48696
14576
48732
6639
48705
32946
45902
48761
48746
7732
24149
12850
27971
10747
48738
26137
7707
2909
36771
13375
48748
33031
50669
50654
10763
7646
7719
34078
50670
50686
5650
7400
50652
1303
8044
50680
8061
7710
31763
24189
10800
22101
10789
26189
10759
10764
35248
9846
52187
52211
2018
52185
1099
13505
8419
2245
30386
41071
22103
19954
2366
3401
56349
56347
6629
2050
36332
58890
39754
456
2107
34070
41990
41966
2145
521
34102
7694
58931
1829
29524
7459
7486
7727
45984
58892
7642
4410
31601
24208
2997
7396
2645
60918
37726
2236
5272
42306
17028
37130
69354
42303
8107
39869
10229
3936
3999
4483
29720
41023
19002
2076
20044
4875
