8332
0
661
8368
6624
713
4063
7783
1658
8341
7958
8401
659
8336
8374
3898
8369
8390
3087
3066
2913
10369
3889
9035
1606
10370
12151
2974
1651
1049
12170
1064
1055
8276
9892
12210
12184
12217
12167
11111
10214
1051
12156
1063
314
12175
12164
12169
12190
1149
12202
11076
1121
12252
1056
12267
12253
12147
12220
12173
12229
1172
12158
12150
653
1133
12195
660
1111
1102
12172
1093
9037
12244
12165
1095
12238
12230
12241
12205
12154
12153
12214
12211
12162
12157
12189
712
1046
12243
8180
714
12146
1034
12174
12148
12185
12171
12201
12246
12233
9003
19461
23914
23922
18162
9011
23255
15958
23903
1221
9088
2689
12785
1115
12786
23232
9022
69618
11652
68205
7994
