8337
0
5842
8356
8355
7783
5849
8385
8343
8347
6624
8386
1658
8341
8357
661
3013
8390
5844
8331
8383
659
8333
5841
8360
679
23213
2689
3964
23208
23212
23255
23238
23296
23207
12671
23265
23254
23239
19461
7257
17113
23260
12154
23258
23246
23215
23249
23253
1113
20456
4752
23219
23237
23240
23292
23211
11652
23262
23290
1182
23216
23234
23247
9095
15268
1051
23916
18162
21940
9012
1064
23922
15958
9003
23834
23903
9011
15979
8180
216
43038
20487
43045
714
8214
28038
28049
20870
1105
20848
28110
52505
1123
1142
9162
8308
20849
12205
28036
8991
1052
43128
26511
9050
12222
856
54224
8107
20845
59031
3975
61976
61994
55994
1115
61485
64010
64020
20883
12243
50870
55958
69627
3982
12210
