8338
0
8339
5843
8349
8383
8333
5842
8387
5844
8376
8362
8352
8331
679
5847
8340
5841
8372
8392
8351
5848
8365
8350
5846
8364
5845
8371
8420
37544
37559
37590
37603
37538
56029
55950
56040
55968
56043
55966
55936
55938
55943
55929
55986
56005
55999
55969
56000
56006
55979
55958
55993
56015
55948
55937
56053
56080
56034
55933
55991
55965
55956
56020
55940
55997
56048
56017
55944
55987
56025
55984
55983
55932
55960
55939
55967
55949
55934
55935
56039
55959
56023
23237
61482
44493
24314
61507
61513
