8354
0
4063
8369
7502
713
8363
7417
8384
8421
8353
6624
8334
701
15366
5442
1115
2971
15337
5360
7960
4658
4729
14737
16406
19860
2987
12141
1803
14760
1764
10358
38423
3889
24326
3989
32035
13518
14741
14759
34590
3938
14722
9634
6008
3894
34506
20337
28677
3967
4483
12760
5336
10157
9089
3905
50746
16664
3254
17374
16690
4616
42773
50753
14395
17560
1578
3496
7992
12785
50738
7867
834
8017
6719
7821
11637
3957
10229
39533
31668
8220
6030
3879
2913
10918
2949
69956
12739
17628
14798
448
69973
809
42095
14710
17126
1608
18889
4734
13283
19181
