8362
0
8363
659
8370
8386
8338
8359
5845
3898
7502
8354
713
8331
8390
8364
1658
8382
701
8395
8332
5844
8347
8360
8336
8355
8392
5843
8381
8420
8345
679
8372
7938
8341
8352
8343
7783
822
8383
8346
8375
5847
8376
8356
8013
8361
8378
8387
5842
8333
8342
8385
8340
8339
8414
8377
5846
8371
5841
8365
5848
8337
8413
6624
8351
8349
8348
8401
55940
37598
56020
55958
55998
56067
55951
56000
56065
56032
56009
55962
56030
10373
43128
37087
56038
56031
55967
55955
23903
55939
55985
56069
56015
20845
56052
55936
56040
55990
55980
55973
56035
56017
56037
56022
55982
56001
56057
56049
55931
56002
55933
37590
55986
55937
55977
55995
55960
56061
55932
55961
37559
55941
55949
55993
55976
55944
55968
56074
55463
18917
55957
56041
55975
55950
55965
37603
55994
55999
56014
56012
56021
55972
11658
55956
55991
56010
55971
55947
55935
55934
56066
55943
56027
55948
55966
56054
55959
55979
56006
56024
56033
43037
59018
23207
59044
803
26044
7953
14240
59043
59026
59017
59012
14744
