8371
0
5841
8382
8365
5847
8360
8353
8387
8383
8372
5845
8351
8362
7502
8342
8352
8333
8338
5842
8361
8376
5849
5848
8364
8339
5844
8349
55939
55955
55943
56012
56037
55949
37559
56003
55999
55937
56020
56030
56021
56010
55966
55976
55969
37087
55951
55972
56005
55968
55940
55996
55958
55947
55993
55986
56015
56034
55956
55967
56006
55942
55941
55973
56046
55975
56050
55463
55988
56000
37590
56039
55934
56048
56041
56011
55948
22081
55957
43038
55980
55950
55944
18917
56017
55935
37544
55936
55987
55960
56024
55933
55965
34193
55984
20845
56036
56040
55979
55932
10373
56026
55959
55985
55995
56078
75852
23253
75864
75876
