8376
0
8353
8399
5843
5845
8390
8352
5841
5849
8386
7659
8339
8354
8362
8351
8360
8347
8345
8365
8383
659
8356
8382
5842
8414
7938
8342
8355
8333
8341
6624
8375
8340
8331
8371
8392
8381
679
8337
7783
822
8413
8338
5844
5847
8420
5848
8364
8332
7958
8348
8387
649
8372
8385
8358
8377
5851
55932
55988
55983
56032
55936
56038
56035
55962
37087
37559
55931
55942
56005
55943
55948
55953
43128
56065
56015
55971
55980
55995
56019
55949
56033
56037
20845
56002
56067
55939
55968
56007
37590
56061
56063
56072
56010
56047
55941
56006
56014
37544
23903
55958
56049
55959
55944
55978
55960
55986
56020
55934
11658
55961
56079
55967
55976
55991
22081
56003
55956
55965
18917
55933
55994
56048
55935
55950
56000
56025
55999
55937
55979
56012
56021
56059
55463
56066
55957
56027
56009
55966
10373
55947
56060
56051
55969
55998
56068
55981
55997
55940
56026
55952
55954
