8383
0
5848
8395
8345
8394
8371
8333
5845
8356
8361
8339
8332
8331
5843
5844
8390
8387
8351
8337
7938
8372
8360
5847
8341
5842
8342
679
5841
5850
8391
8348
8340
8365
8382
8377
5851
5846
23253
23237
12671
23262
23247
12154
23293
23212
23232
23234
20489
11652
23207
43047
43041
43038
43044
43040
43035
43039
1563
55986
23903
56006
55982
55958
55995
56020
56009
55979
56044
55994
55463
55983
55947
55941
55985
55950
55951
55933
55949
55971
55959
55966
37559
3426
59029
59031
61481
61483
2987
31640
12786
9044
21129
