8386
0
8378
8385
9009
8987
8999
9035
9008
9050
9012
9043
9034
9102
9048
8989
8471
8991
9007
9002
9063
9011
9042
9059
9049
8988
20533
20507
20524
20500
1053
12188
20586
20516
20589
20639
1221
30223
30550
30527
30532
22249
30543
30544
8107
12786
30554
30546
26535
18080
36746
36764
36722
36674
2981
12671
40593
40623
40580
40572
40621
40643
20883
40652
40641
11669
40609
40569
20876
47790
23249
20378
12773
52246
52252
52235
52227
52234
1072
52256
52239
52992
53030
53059
53072
53036
53004
36086
53015
53050
53002
52999
53095
53042
53034
53082
53005
53052
53018
53049
53009
53021
53033
53016
53091
12035
53054
52990
53012
52998
53028
53003
53062
53065
52994
53041
53079
12209
12222
53068
52996
35026
52997
53032
53053
53017
53044
26511
53035
53056
53000
53031
52991
53029
53008
53010
53083
26534
33800
53025
53040
53023
23046
24176
24174
62029
66873
66817
66840
66813
66861
66891
4582
66844
66867
68229
17728
15391
