850
0
802
839
865
813
817
2302
2366
2060
2320
499
2246
1369
2239
2256
2309
2291
2037
4703
16819
19002
19017
19029
16775
19020
19011
19001
19003
12097
3535
16764
21264
21324
16737
21282
21356
21256
21407
21275
21248
21403
21253
21263
16738
21372
21317
21374
21351
21385
21260
4429
21357
21341
21284
12981
21354
21310
12988
21316
12957
1764
21358
21361
21378
21355
21400
21286
21344
21338
21359
21251
19954
21271
21367
21287
21345
21387
21326
21343
21259
21258
21340
21301
21368
12293
21266
21267
21300
15924
21250
21281
21366
21265
21262
21297
21273
21298
21292
21285
21350
21257
21318
7750
21311
21274
21268
21291
21389
21255
10808
21401
10745
21252
4949
22060
16364
38429
38399
38390
10695
38416
38402
27298
39145
39150
24456
44920
44921
2030
45754
12093
16844
15172
39767
56503
1030
7979
60934
64608
61334
64617
64615
10700
26291
50437
70319
70338
7838
70341
70336
70318
70088
70323
70316
70334
74217
74281
16766
