855
0
831
856
826
822
886
779
809
4716
4697
4728
4687
4694
4674
4676
4654
2243
2246
4703
2324
4667
4752
4680
4777
4686
2242
4698
3434
4675
7841
7856
5639
3348
5762
7429
7270
2906
7826
8510
8577
8428
8597
8539
8504
8599
8560
8549
8537
5243
8530
12111
1764
12115
16319
16379
16262
16365
16309
26348
26158
10358
43104
1563
1578
43095
7650
43088
4578
4339
35055
43116
1182
1709
43144
36194
17118
659
8359
714
18891
1606
14722
15762
43096
9095
1064
3905
3066
8180
9892
43917
2903
38164
2908
10743
43930
19937
50854
50814
50796
50816
50908
50837
2969
50810
50888
38432
50806
3440
50789
5614
51185
1712
18926
51168
51217
51225
26572
8118
51282
45971
6710
30119
43982
45744
51665
3907
27330
3939
52124
52130
7324
41281
52126
52152
52092
52096
52153
52098
52155
52125
52163
52160
52123
52132
52089
52119
52115
52103
52112
52131
30374
52146
52122
33262
2018
20235
14749
34579
7665
48141
37471
18800
12876
14220
49046
60320
44472
60338
10157
60321
3494
60336
60327
65475
65487
17570
38871
65530
73315
73284
30420
59897
5552
34590
