856
0
6008
1658
6041
2913
3406
8577
4658
16309
16379
4686
10734
3936
3915
3880
12785
659
2291
8107
20450
2981
2909
1764
14722
43095
12786
12210
43096
8341
1762
4578
11658
714
713
43139
3967
1336
679
23265
4752
1113
48301
48294
28044
48330
4777
3422
2932
3972
14764
49009
3877
49046
48966
3896
3394
23212
52123
52168
1712
7324
7429
5639
52124
12591
7891
22280
17086
2899
53138
53182
53026
12344
17612
6304
43405
2324
8337
38298
13602
12300
7712
7681
14220
4716
7826
12866
10939
12876
4693
11003
2306
41434
9633
5322
51261
12983
72899
38898
14224
7958
12800
72886
14739
10795
54473
733
12771
