8640
0
225
8713
8723
8738
8650
8659
8658
8675
8721
8755
8671
8683
8690
8766
8636
8692
8751
8656
8684
8739
8651
8705
228
315
8646
8664
8633
8691
8635
8746
8655
8722
361
8742
8657
8680
8794
8741
8667
8701
8707
8788
8666
8699
8761
8703
8730
303
8797
8648
8644
8676
8812
8773
8747
8750
286
8647
8743
8718
230
8808
8641
241
8772
284
8637
8744
8792
335
8757
8749
8653
234
8714
8763
8724
8674
8694
8745
8665
8687
8698
8729
8668
8695
8685
8709
8704
8782
8710
212
8634
352
8706
8679
8654
8678
8804
8786
8686
8681
8726
8733
231
8770
8734
3081
267
8740
8693
216
