8735
0
8665
335
8667
8741
216
8647
8777
8643
8655
8648
267
243
212
8669
8803
8651
8636
8750
8717
8745
8682
8697
8744
8703
8726
8714
8638
8639
8670
8676
8722
315
8706
361
303
8699
8656
228
8707
8705
3081
8701
225
8792
8672
8801
8737
8635
8686
8691
8736
8671
8725
8674
8693
8634
234
8789
8766
8680
352
8755
8763
8786
8646
8761
8659
8683
8713
8644
314
318
39667
193
327
39666
18865
348
255
37818
39647
11491
202
236
229
187
287
3073
285
245
242
292
214
358
186
332
39657
18867
39646
39662
213
11571
359
277
282
3080
39663
