88
6
89
79
24
15
1
129
27
38
94
92
44
33
144
57
30
73
105
142
63
18
5
36
124
54
41
156
125
37
13
47
107
82
155
66
10
43
61
81
99
52
0
25
45
154
173
106
157
122
133
39
77
121
64
48
59
84
85
140
128
101
97
163
46
102
108
86
40
889
936
1003
955
949
899
934
935
987
902
919
938
946
984
907
925
891
931
953
915
960
999
7586
7583
11972
11939
11957
12011
11976
11958
11963
11938
11975
11970
4213
11942
7600
4205
4204
25123
25131
25102
22432
25112
4153
25109
4077
7565
7573
32439
32493
7568
31422
20142
7572
32444
32413
18485
20105
32406
32459
7606
20085
34726
34725
7564
34722
31478
39248
39249
7561
46925
46913
20109
20087
46927
6922
52081
31434
35162
55229
55235
55208
7587
29848
47582
55241
55253
55236
55207
20115
55490
55496
12355
45045
55489
60844
20086
60853
60854
7611
60841
61560
61588
61561
61558
61566
29996
61552
31424
31453
67130
67109
20104
67134
67106
67143
67110
71293
71288
20099
12675
70022
71282
