890
0
891
940
956
91
937
127
959
951
912
963
895
889
997
921
954
986
991
902
929
88
981
972
906
932
927
893
935
961
955
92
77
968
915
936
888
993
942
953
975
919
933
99
68
971
923
1005
66
42
938
983
905
69
957
939
918
995
944
984
908
973
156
934
978
9
137
910
40
920
970
901
946
949
964
907
894
85
974
898
931
941
1009
914
1000
950
892
913
982
94
22053
4213
20982
31439
4086
161
7578
31412
31478
31420
9389
157
6928
162
18878
31468
11937
31491
31477
29960
7610
22451
31484
31466
79
4202
31451
84
31446
31447
31422
31428
82
31450
14174
31455
31445
31504
5327
6920
31431
31453
31441
31469
11940
31413
31459
