897
0
127
66
969
1013
970
937
918
156
990
952
941
930
939
959
983
69
948
898
77
904
9
957
905
927
912
91
894
99
906
991
921
994
981
901
932
92
968
919
85
987
995
928
68
933
967
13411
4119
4
14174
13390
4150
6917
4161
13404
84
4155
7622
4185
4152
4156
12677
14181
4104
14179
6929
14169
6893
9380
4088
4142
4169
4249
13436
4091
14194
4076
4164
4096
75
4200
6911
4143
4108
20
9385
6902
6878
13419
4171
13465
6955
14191
9377
4163
13425
4147
6933
14189
89
14172
9381
14177
4206
4103
4202
4121
12728
9793
6914
14199
162
4173
14186
6943
6915
4177
129
13432
9733
14183
4159
13414
4141
4072
12701
12722
13447
9743
4081
13428
4182
9757
28
4126
161
4158
4157
4102
4217
6924
31444
9389
31452
31425
11945
31422
31479
4086
12683
4074
79
31493
31494
31429
31463
12726
4118
13426
31443
31480
12686
18878
9812
5327
16990
13535
29960
12675
32288
4112
29903
29989
12710
18287
6921
32273
6913
32291
4093
32289
32278
32286
6896
22001
32295
13439
13416
13415
29837
32275
9735
32283
32294
4183
4186
7568
32284
29852
4075
9753
6884
34
13450
12680
