8993
0
9014
9042
9045
9070
8985
9101
9001
9007
9066
9018
8335
9072
6019
8990
5887
9060
9009
9002
9065
9120
9038
9118
8994
1099
9016
9004
6073
9102
9076
9046
9048
9091
9031
8988
9041
9015
9093
1641
9039
9092
9098
9012
9069
3975
9057
9050
9110
9025
9028
9049
9113
8998
660
9008
8997
9043
9011
9036
8991
8995
9059
8987
43632
62231
36381
62215
62326
62229
23098
62187
10420
22973
2688
30119
18309
20502
3775
18327
62252
36384
62221
22239
62349
53040
8301
33800
1064
66813
66821
20500
22235
66818
62444
66891
12407
66861
62499
62495
66844
15350
12193
24174
66811
66834
52224
52256
52235
66822
66846
66816
66808
66884
7269
31253
52227
11765
53057
66854
66887
