8994
0
8995
8998
8990
8999
9026
9076
6624
9037
8984
9043
660
9041
9016
8987
9086
8985
8993
9048
9049
9007
9004
8997
9046
8992
9038
9098
9069
9002
1099
9011
8335
8989
9025
9051
659
9094
6182
9034
9090
9079
8991
9110
9042
9052
9093
9012
9059
9113
9050
9008
9035
9102
9014
9018
9045
9057
9009
9067
1641
9022
8988
9073
8386
20535
12188
12068
20601
20593
20587
20592
20545
20539
20559
20513
20572
20577
20573
20589
20516
20588
20586
20511
20531
14157
20632
20543
1053
20519
20553
20560
20537
20563
20500
20542
20590
12022
20591
11211
20608
20536
1052
20533
20555
20502
20570
20607
52256
52252
1049
52257
1051
1072
9855
52224
18309
8385
52233
52239
52235
52246
52227
