9003
0
9022
9005
9084
9019
9026
8386
9103
8333
8335
7953
9095
9034
5844
8999
659
9035
660
9090
9050
9006
9047
9037
822
8984
9100
8995
9013
9024
8991
9042
9011
9077
9008
8332
12785
1051
1221
12147
7808
12158
19461
23255
23207
2991
23834
8360
679
18162
1038
11214
7783
8337
2689
8341
21940
1063
12154
2923
28032
1142
20873
28084
20855
1097
1123
28042
714
20845
23215
28103
28122
28155
28049
28062
28037
872
28131
28098
12210
28093
28041
18908
1105
28075
28033
28116
28095
28120
28079
28110
28125
8214
28052
28036
20870
20837
15380
28828
28760
28831
3087
28781
28754
14754
28753
28789
28891
28883
713
28938
28845
7792
17612
28879
28895
1275
28849
14643
28795
28937
29254
29271
1606
29221
29287
29301
29289
29249
29233
216
29323
29298
12146
29291
29226
29225
48292
23265
48356
11736
48293
48353
48318
48287
26204
48290
48330
48279
23258
23247
23234
48321
48277
23254
48354
12854
23219
856
19475
48289
48301
2610
48384
1182
48303
48338
1113
48307
23211
45944
41838
55698
9443
12120
30774
30767
55640
55681
9464
9475
30737
30760
55695
55688
41871
55733
55642
65697
65711
38762
65743
65724
65666
65722
22683
43629
65784
62216
65777
65771
9142
65734
65667
65798
65814
7552
733
2987
68622
7965
4483
38432
7745
653
5442
10963
3088
701
68595
13010
30793
4063
11680
9410
68619
11652
11658
7257
4658
43128
5850
10825
10795
5309
12671
12786
68897
