9009
0
9001
9031
9002
9048
9042
9069
9098
9066
8386
9049
9016
8988
9110
9038
9037
9004
9085
9043
8998
9012
1099
9041
8994
9008
9050
1641
9088
9083
8993
52233
66813
66808
66828
52252
33800
66833
62473
66878
66841
66834
52235
52227
66810
31308
66840
62444
66857
8385
66882
36384
66844
12407
66824
66812
52994
52256
66861
53005
11765
66887
66837
22235
66820
66827
15350
66865
66871
20500
62495
53057
66859
66818
66815
66823
66811
12193
66855
31247
31268
66860
66873
66866
1064
66822
52224
66816
66856
31334
66847
24174
31252
66835
