9013
0
9005
6624
659
660
9088
3894
9037
9038
3790
822
9035
1055
1051
1034
12200
12211
12216
12169
12190
1606
12259
12226
12154
12192
1102
2913
12188
12254
12175
12229
12164
12202
653
12174
12262
12162
12184
12163
12195
12183
12255
12201
668
12158
12205
12223
12252
1056
12168
12150
714
712
1046
12167
7752
11111
12159
12244
12173
661
12185
12156
1149
1049
12146
12147
1067
12170
12217
12148
8374
6372
37016
6370
13797
37053
6374
10146
37040
30814
37038
37020
10191
1090
37019
37027
37077
6380
37062
37000
29103
37046
12786
679
