902
0
898
907
91
92
952
983
913
984
137
933
996
978
959
986
66
932
88
948
928
934
85
77
156
901
906
9
889
910
930
955
68
994
127
922
937
935
1005
974
954
941
99
40
894
961
69
4108
153
57
6910
7583
4148
4216
56
11936
7622
11937
75
142
128
3160
11958
11952
11970
11949
17
6878
4173
4167
4141
4104
4171
6933
4076
4161
4072
161
4249
82
13446
79
20119
4205
4204
4169
20
4151
5170
25102
7565
25157
6917
71
31432
20982
109
31447
31413
31420
31428
31478
31438
4086
31456
7577
31422
31433
31418
31415
31453
3
34716
30501
81
34731
34725
34722
20085
