9035
0
9011
9026
3790
9022
659
9096
9003
9013
3894
1099
6624
8991
1641
9088
9050
8386
9037
822
9103
9075
8013
3880
3066
3889
7541
2913
8332
10372
10366
1063
8369
1034
12156
12148
1055
661
12222
12185
12230
12170
12199
12262
712
714
12211
12252
12157
1133
12214
12174
653
11111
2974
12232
12175
12213
12246
12147
12153
1046
8276
12249
12158
12150
1113
1049
12195
12241
12188
12210
12162
1149
12191
12247
12184
8374
12233
12186
12205
12518
2899
3898
713
14760
2987
10209
14750
14737
14665
733
3938
14741
1578
20531
20545
20597
20559
1052
12022
20502
20524
20513
7792
20507
12066
20589
11214
20573
20560
20515
20615
20543
20553
20500
20593
12068
17439
1303
13518
12921
5283
24113
26534
26547
4483
679
26551
26511
4578
20932
18080
22249
30544
30546
7280
18162
30543
6755
30548
12786
3667
30583
23589
22905
3967
28110
30560
30527
30637
30532
1115
7801
8210
15223
10918
3905
10358
19860
27914
29712
7346
30814
27901
43614
43607
43601
43647
43655
23249
27908
13824
43602
43622
43654
43629
43642
7555
43686
43625
43615
43628
1119
43635
43632
43674
7543
43665
43708
43634
43669
43636
7533
43689
43618
43662
5893
20378
2590
44397
44398
216
44456
12036
1317
8401
8220
4686
10059
34590
2948
29491
2689
35026
20849
52239
52997
53073
12671
53029
53088
53056
53023
53025
53041
33800
53004
40623
12035
53032
53002
28036
52989
52994
52999
53000
53015
53010
53045
3013
33696
11075
58057
58012
57996
12637
27077
58062
8163
43223
27067
3600
7891
24326
59696
1187
1167
68063
1225
7227
26867
68595
3088
12785
4752
68622
