9042
0
9051
8993
6019
9050
9012
5308
8998
9069
8999
9082
9025
9094
8990
9009
9004
9090
9002
9049
8994
9048
8995
8471
8335
9007
9016
9013
9041
9093
8983
9011
9046
9008
8987
1641
18302
20553
52252
8341
52235
52233
1221
1052
24252
12162
52246
15979
52256
52239
52224
1051
18309
15958
52234
52227
15967
8385
15977
52228
1049
12243
66844
66818
66812
66886
66834
66855
66815
66808
52994
66847
1064
20500
66835
7269
62495
66827
66810
62444
66841
62473
66865
66825
11765
66860
66884
31308
22235
15350
66840
66828
66836
66856
52997
66823
66871
62499
6755
31334
66813
12193
66816
66837
53005
66817
66882
