906
0
77
910
937
960
156
904
984
99
972
952
929
908
930
959
9
66
983
970
894
905
932
936
92
921
91
127
137
948
889
901
954
898
919
85
918
994
928
944
915
3240
3143
3162
3263
3278
3215
3257
75
4108
4194
4224
4170
4269
4250
4172
4264
4096
4218
5
79
4069
144
4162
4205
4121
48
129
4213
4081
57
161
28
4165
4188
4195
4180
41
4212
109
4146
4147
4186
4145
4177
4155
4163
4119
4142
4243
4175
4182
4103
4174
4185
4152
4143
162
4166
4072
4173
4164
4150
4158
4217
4249
4161
4171
4183
4200
4209
4169
4214
20
4233
4159
4179
4157
4167
4077
4156
4204
4210
4202
4141
4206
4234
4070
4160
4207
4211
4189
4247
4215
4259
4231
4193
47
4148
4199
4253
4154
30
4196
4237
4151
4198
108
4153
4236
4261
4225
4203
4271
4235
63
4083
4144
4241
4257
4230
4278
4176
4168
4216
4265
4181
44
4227
4229
4251
4266
24
4222
4191
4277
169
4279
74
4223
4187
4228
4226
4242
4267
4245
4219
4258
4220
110
4275
4272
4255
4273
4276
4262
4192
4208
