91
2
128
4
77
124
162
101
37
84
28
48
59
69
38
85
9
7
41
20
75
99
82
161
137
79
13
153
46
63
129
115
50
168
39
83
36
66
156
68
33
92
908
910
936
901
906
932
894
949
970
918
1023
983
981
952
927
944
929
919
889
959
930
921
937
898
939
946
994
4143
4158
4209
4162
4193
4175
4077
4186
4081
4150
4183
4205
4141
4146
4108
4147
4151
4206
4196
4195
4152
4163
4164
4119
4155
4168
4179
4216
4121
4217
4072
4103
4156
4171
4154
3278
4194
4167
6943
6910
6933
6929
6891
6917
6878
6899
6911
6886
6944
6924
6955
5792
6928
7583
5170
7580
7622
7613
4076
9380
9389
9414
9757
9776
9794
11956
11961
11994
11964
12705
12734
12690
12701
5182
13419
13446
13411
13431
5132
18524
20092
20115
22454
21996
22436
12355
25102
25145
25113
4099
29857
30521
30476
30483
12359
30501
3120
3440
30496
30477
3251
3169
5044
30517
3266
30491
30487
30488
30478
30513
30493
30498
30520
6578
