9133
0
4694
9137
9141
5638
9151
9178
7447
7700
9160
9167
9132
9148
9163
9131
9189
9155
9154
7493
7395
9186
9201
9139
9171
9166
7422
9147
7681
9158
9138
9169
9183
9136
1219
7690
9176
9198
9184
9153
713
9134
9159
9140
9157
9165
2049
9177
3880
9152
10744
45721
7733
7723
45715
36227
45730
24171
27972
45724
26955
27304
4669
7403
45690
11762
45696
27971
27934
1834
43411
45711
4777
38156
39145
7694
6671
7668
27922
31046
7670
45702
27299
45707
31093
45695
10746
38149
45691
45706
7408
7642
10764
45710
7464
1722
7469
10757
10789
41960
7429
26429
45700
2145
7416
7439
19982
2914
46064
7449
1028
27296
2107
7687
7646
2953
66057
31251
43119
6008
216
7647
31517
10748
2913
31948
66130
3967
10772
1606
