915
0
916
939
984
68
91
978
66
970
156
955
92
88
906
959
989
974
1001
975
910
995
951
137
982
919
1000
888
1003
920
77
960
902
890
940
40
996
938
914
936
913
953
971
889
950
927
972
961
1009
944
907
99
893
983
85
24
63
4081
4072
144
4162
162
4171
4158
4213
4151
4200
129
44
57
4241
4119
4187
108
4143
4223
4185
161
4161
48
31442
31422
31438
31423
31420
31447
7578
31428
31418
31472
31424
4086
7610
31415
7576
6928
7577
31478
11970
31440
31425
31413
31456
31441
52
31448
11936
25136
25145
6899
128
124
39
6915
25102
7573
4084
35138
72
6911
7
5792
6929
39696
59
11958
5027
25120
39713
56
7564
45046
46913
90
36
46947
12
17
46925
46918
7593
7561
26
168
46887
22425
86
46942
20087
33
7583
38
46
94
43
7566
34722
37
22432
