918
0
976
77
85
957
898
894
911
127
932
156
897
991
91
983
92
933
968
137
905
1009
964
948
66
937
959
929
919
998
981
1005
921
990
930
906
904
944
910
99
927
987
941
912
943
939
917
901
1013
889
994
958
9
952
4097
4092
4072
75
4099
4087
4095
4122
4108
4076
4075
129
4103
4120
4104
4126
4093
4091
4106
4084
4132
4096
4102
4119
4069
4109
4111
4118
4077
4123
4094
4081
4074
4121
4113
4079
4167
4163
41
20
4195
47
161
4183
4189
4175
4177
4166
4156
4202
4200
4173
4168
4182
4169
4214
4143
4148
4152
4185
4158
4171
4157
4204
4179
4164
4155
28
4237
4249
4146
4217
4209
4212
144
4160
4147
4247
4206
4159
4161
4186
4145
4150
162
4141
4210
4174
4142
6902
6915
6894
6870
6893
6903
6929
6966
6955
6912
6946
6888
6939
6941
6911
34
6913
6877
6883
6891
6914
6917
6960
6933
6943
6940
4
6887
84
6910
6904
6886
6918
6878
6927
6876
6899
6954
6920
6871
6924
6881
6884
9377
9380
9411
5327
9394
9404
9389
9373
9374
9381
22
9787
7568
9736
9755
9762
9809
9751
9791
9775
9784
9753
9766
9792
9737
9817
9804
9782
9741
9733
9756
39
9757
9743
9776
9812
9735
9790
12689
12698
12685
12749
12687
12679
12684
12694
11971
12686
12726
12676
12743
12696
89
12706
12690
12709
12759
12699
12682
12683
12716
12736
12721
12702
12677
12713
12728
4320
13412
13404
13469
13446
13438
13428
13389
13416
13436
13400
13424
13391
13434
13427
13421
13392
13411
13444
13419
13455
13431
13403
13417
13432
7613
13420
13414
13418
13463
13407
13402
13425
13447
13445
13409
13390
13462
13398
13394
14191
14197
14202
14174
14179
14177
14169
14190
14183
14167
14186
14178
18874
17316
18878
18887
22001
21971
21991
21988
22000
21972
25114
22432
17269
25102
7579
25139
17
25110
29858
29841
29833
29852
29834
29838
29887
29916
29903
29926
29985
29988
29963
29989
29994
30494
30498
3120
101
32295
32277
31463
32292
18287
32281
32273
32289
32290
32284
35995
35985
4334
45956
45960
45958
