920
0
898
934
963
9
913
936
996
910
921
1014
925
85
92
99
894
912
904
1009
1003
931
927
982
968
950
939
42
984
893
899
942
948
933
906
137
962
999
40
66
892
923
919
929
959
1001
909
955
953
957
945
944
896
973
967
911
952
938
987
941
961
997
915
974
918
985
924
951
1002
975
127
889
970
972
937
928
905
946
989
888
77
903
971
978
890
916
1005
907
1000
895
935
31414
31445
31455
31428
31453
157
31438
31457
31484
31431
4222
31465
4086
31444
12726
31417
31425
31469
11940
52
4202
22451
84
11970
31470
31421
31451
31486
7610
31456
31422
31419
4074
11936
31472
31490
20083
12683
4118
57
31477
97
31482
6928
31439
162
31430
31476
31432
161
13426
31413
31452
31415
31416
110
25136
14174
31447
31466
12686
31420
31442
31441
31427
31475
31418
31459
79
31412
31478
31446
31483
109
31443
21996
11937
31468
31423
31449
14168
7564
3
13414
6
81
4213
20085
34725
34723
12721
4115
4141
34722
34716
34715
20119
34718
34728
4164
34724
4204
11980
25102
38192
28
48
38190
4212
32406
38200
4076
17
38208
13393
38193
34
4253
32405
38189
80
30475
38186
4108
4095
38196
38205
16728
38187
25135
11949
32461
7565
140
4152
9775
126
67106
71498
45
144
71504
71513
32274
61
71507
61552
10
71499
115
7
4214
37
66733
4142
71
102
7562
0
39
7570
71509
11956
116
4121
71539
4231
46905
6887
4103
4161
71502
71527
7568
136
7563
20130
94
63
71503
9381
71529
29848
101
4096
71517
26
41
36
30
71506
71515
4150
7600
71510
32462
32404
14172
111
4205
