921
0
898
976
894
933
944
917
99
68
932
958
92
1005
905
156
85
964
889
77
959
930
91
929
937
906
137
9
127
927
918
983
948
901
952
4173
4237
4146
4103
4209
4175
4168
4217
129
161
4150
4202
4160
4208
4233
4211
57
4072
4143
4147
4247
4167
4119
4215
4185
4157
4159
28
4077
4184
4164
4214
4165
4121
4161
4206
41
20
4148
4195
4182
4152
4249
162
4149
4141
4155
4069
4189
4144
4158
4163
4108
4174
4186
4171
4142
4180
4145
4081
4169
24
75
4177
6917
6913
6955
6912
6892
4104
6891
6895
6870
6930
6940
6885
4111
6911
6961
34
6886
6953
4101
6904
6933
6903
6929
6965
6872
4
6871
4091
6920
6894
6943
6878
6901
6884
6966
6922
9404
18287
4076
4084
13390
9775
4099
4085
29899
9776
29930
7613
22442
9757
29903
29932
14190
9389
13462
115
9380
39
30497
25102
13432
9792
2598
4118
13466
7568
13426
35984
9743
