9227
0
9228
9238
9247
9267
9281
9324
9296
9297
9239
9285
9274
9253
9277
9257
311
9293
9262
9311
9256
3087
9310
9273
9255
9269
9272
9240
213
9291
9271
284
9313
9245
9242
9276
9292
9284
9250
9260
9252
9308
9237
9258
9307
9298
9304
9244
9230
9295
9303
9261
9314
228
9290
9259
9282
9226
9264
9236
9288
9263
9270
9300
9342
9286
9306
9287
39094
39099
39120
39108
39134
26815
39102
26845
11541
39119
26828
39115
287
26842
39114
11561
39095
3055
39097
39093
26812
39096
39106
39098
184
41289
41308
41305
39668
41297
234
212
41346
737
41295
41317
41304
41314
26838
26798
26805
191
41334
11544
265
41303
41316
41350
190
35770
41333
241
