923
0
88
951
973
892
957
924
912
42
930
962
978
914
916
933
955
91
69
888
137
898
99
942
970
934
977
906
985
68
156
958
979
961
908
972
941
890
1001
889
915
997
982
999
893
975
971
959
938
984
935
996
897
891
936
918
986
974
1000
919
931
92
85
960
968
913
944
1023
907
1003
952
127
905
77
932
1009
40
896
925
9
894
920
910
66
954
895
902
927
928
20108
7
7561
20104
128
20127
7576
140
7577
63
17
7573
20130
20097
20115
20085
56
20096
20122
20101
20137
11952
0
162
78
11942
20109
18
20124
20093
79
20120
20091
146
73
64
18493
59
109
94
20087
7605
142
47
41
5
24
11975
11958
20119
20102
20090
7583
113
20081
39
8
107
20133
52
61
105
20086
20092
7565
84
6
11976
150
37
20105
20082
7562
136
12675
7593
57
20084
13
149
11970
86
20099
53
34393
11965
34396
11936
34401
4108
34388
34386
10
7560
98
34409
7569
32478
34384
7568
34395
11963
18521
74
4198
31419
123
132
22432
34382
44
11951
34377
29857
34383
34380
11940
34391
34398
7600
135
157
29833
20
75
34389
3160
97
34392
34397
31422
11956
6922
71
71513
4205
5792
71500
26
35176
67106
34
4096
71529
71519
32406
116
4152
71507
71509
71504
32404
61552
71498
4150
87
4231
32462
71522
111
29848
4161
12701
110
5832
71501
31421
4142
36
4170
7570
102
4164
45
71515
32274
30
12721
71502
71506
6928
71527
66733
101
12763
71503
144
46905
71499
4103
9381
4086
7563
19
4121
126
32446
16
28
31447
115
71511
