9239
0
9240
9311
9270
9226
9238
9284
9269
9292
9229
9277
9245
9276
9313
9287
9258
9260
9252
213
9297
9342
9288
9285
9272
9278
9306
9242
9314
9281
9271
9310
9227
9250
9293
228
311
284
9303
9300
9228
9307
9262
9237
9295
9236
9247
9255
9273
9296
9256
9298
26798
335
360
26808
184
26828
26796
11590
26812
26854
26838
26815
11561
26804
39093
11541
39116
39114
287
39097
39134
39098
39113
39102
39108
41300
41333
234
41314
212
41328
11544
277
41317
229
312
41316
255
41309
41319
39668
41350
211
41334
41291
11475
41305
41289
737
41308
41304
41347
41353
41310
41297
191
42964
42944
42993
42922
42996
42965
42911
42954
42936
42910
42940
42969
42914
42971
42935
42926
42959
42923
42918
42979
42908
42916
