9255
0
9256
9258
9253
9243
9254
9297
9237
9290
9244
9324
9314
9300
9226
9313
9312
9309
9264
9261
9311
9229
284
9288
9238
9269
9245
9250
9284
9306
9228
228
9247
9274
9252
9296
9257
9303
9259
9273
9277
9282
9240
9272
311
9262
9271
9227
9278
9267
9286
42939
42938
42973
42994
42918
42954
42928
42987
42963
42968
42984
42933
39103
42965
42912
42944
39097
42952
42979
39104
43015
42910
42971
42930
42983
42946
42937
43000
42943
42913
42945
42982
42995
42914
42919
42964
42915
42962
42924
42997
42906
43025
42909
42923
42920
