9276
0
9277
9280
9239
9243
9241
9323
9308
9229
284
9290
9230
9289
9286
9324
9226
9272
9245
9342
9300
9309
9267
9303
9284
9306
3087
9273
9313
9293
9333
9252
9247
9274
9296
9262
9297
9233
9237
9292
9270
9242
9288
9255
9291
9285
9311
213
236
9263
9228
9238
9250
9314
9271
9258
9253
9246
9287
9278
9294
9275
9279
9259
9282
9298
9240
9302
9295
9256
9236
3898
9304
9260
311
9244
9261
9307
9310
228
9305
9257
9227
9328
9312
9269
9281
3055
6385
39108
335
39100
39102
39104
39120
39110
26842
26812
39103
39105
26804
287
39093
39097
39096
26815
11561
39121
39119
39106
39094
39116
11541
26845
39114
39125
212
41299
41320
41305
230
26851
39668
11544
26805
26838
277
11475
215
312
266
241
288
360
26822
35770
41300
41314
265
234
41319
41337
183
41304
41350
184
