928
0
894
926
948
85
959
958
1001
66
982
932
92
40
909
970
938
952
910
923
68
961
957
999
920
919
895
968
983
918
127
937
942
902
77
69
891
137
933
904
1009
972
88
906
941
915
898
156
964
935
944
42
889
967
955
929
990
939
927
1003
9
897
995
901
911
99
91
921
4082
4078
129
4073
4126
4088
4071
4107
4070
4121
4113
4124
4115
4119
4133
4076
4072
4075
4089
4104
4123
4112
4083
4099
4086
4101
4081
4111
4130
4094
4103
4069
4132
4118
4091
4117
4100
4095
4077
4102
4096
44
4158
162
4167
4183
4147
4186
4154
4155
4237
4200
4202
4179
4156
4211
4161
144
4210
4177
74
4142
4214
161
4152
4149
41
20
4145
4182
30
4164
169
4163
4247
4159
4189
108
4185
4198
4278
5
4249
4150
4215
4206
79
4157
4175
4257
4169
28
4171
47
4173
4191
4232
4208
4160
4146
4205
4144
4141
4217
4174
4143
4212
4166
13404
13447
13432
13442
9394
6924
84
6911
13433
9757
13436
13421
9772
6940
13439
13390
6917
12682
6946
13413
6884
13449
6955
13419
6920
9381
12697
13414
9776
7613
6886
13435
9733
9377
13393
34
6913
13408
6904
6870
9739
7568
6878
6929
9745
9380
9404
13428
13396
13426
9775
6933
9389
13440
13412
18877
9373
18879
4
18882
18878
9801
12675
17316
39
9747
8
18887
11958
37
11975
6
52
7576
56
7573
7593
61
94
113
20091
20102
78
7565
20081
20109
18493
18
20130
20119
86
20086
20104
7561
20082
20107
20105
105
136
140
128
6887
9793
82
14170
25121
25145
14172
25102
7579
2233
7600
7586
71
25139
6928
89
22432
153
29834
29839
6891
102
6903
29845
14190
6885
29852
22001
16728
29862
6914
6951
9799
6921
6922
29855
29835
29854
29833
29838
29850
29853
9738
12710
29846
6915
29857
29832
29858
31425
31426
31423
22451
11940
31443
97
14168
31420
31421
7578
31466
31446
31468
31414
31415
31480
31422
9756
32282
32295
32273
32277
32286
32284
29903
6898
32290
6918
14169
32274
6896
14189
32289
32579
9737
17367
6883
29886
32546
