929
0
930
1005
69
937
1011
77
964
957
976
918
906
953
919
952
983
68
981
40
921
932
905
959
85
917
92
9
889
66
941
927
944
1022
894
91
99
898
901
20
4179
4189
75
4195
4211
4186
4158
161
4200
4142
4155
162
4173
28
4103
4169
4205
4081
4174
4119
4147
4167
4215
4072
4150
4121
4077
4108
4168
4146
4175
4206
4096
4249
4171
4165
129
4152
4163
4210
4202
4182
4164
6923
6920
6941
6914
6917
6903
6893
6955
6915
84
6929
6878
6883
6891
6933
6924
4111
6928
6943
6875
6911
6904
6927
4104
34
6871
6886
6913
9776
9381
13419
4076
7613
9757
13417
7568
9377
13431
9374
9775
13432
9389
4099
9733
13446
9743
89
25102
7579
18879
22442
7599
4106
18880
29887
4334
45956
45958
9373
45960
