933
0
958
905
970
955
978
910
92
912
1009
931
995
894
896
99
985
941
942
85
156
937
973
897
77
918
982
921
967
919
913
889
888
893
928
902
968
895
997
975
4091
4131
4109
4133
4102
4070
4118
4077
4088
4071
4074
4128
4078
4086
4094
4095
4069
4123
4140
4075
4121
4100
4103
4106
4150
6923
6960
6875
6870
6913
6934
6881
6899
34
84
6922
4209
6946
6885
6965
6945
6871
6914
6966
6904
6896
6907
6901
6921
4152
6898
6900
20
9750
9790
4156
9779
9784
9740
9757
9755
9737
9787
9776
9771
9751
9739
4185
9743
9749
12709
12682
12716
12702
12677
12678
12679
12697
12724
89
12687
12722
12681
12728
12719
12759
12685
12710
12675
12694
14194
13419
13447
14182
14183
9380
157
13428
14186
14177
14181
14185
13404
4159
14191
13414
13397
14189
7613
29953
29986
29975
29995
25349
29998
29969
29959
29982
29954
29967
29903
29996
29994
34398
11965
94
34383
74
31419
11970
34386
31422
20105
