936
0
970
972
88
932
910
953
92
959
908
9
934
983
941
69
929
907
890
137
991
978
40
91
901
994
1009
66
906
85
984
156
894
888
77
935
919
1005
99
960
893
889
1003
954
891
896
4217
4253
4162
4168
4121
4205
129
4194
4193
4204
4170
4187
44
4103
144
4241
4255
4264
4151
47
4152
4163
4279
169
4165
4108
4213
4072
4267
4200
6928
25140
11994
94
25099
25101
25151
25119
25130
5132
25111
5027
6
25126
22037
20108
25112
11974
33
25092
25120
25135
25118
25096
25102
11970
25129
18510
13446
115
30477
3251
5044
21996
6910
30496
101
13419
20083
31484
31499
31465
31422
31446
31415
7576
11945
31434
20137
31459
31455
32767
32741
72
22
7639
43837
7607
11960
43808
3230
46663
46653
66717
18493
116
32403
66704
66696
11981
70032
11982
4334
18539
47272
55236
14
6417
55212
142
16730
34395
7596
34396
7606
42635
11949
61552
71498
