9374
0
5172
4158
4105
4249
4143
6878
4217
85
4150
9389
28
4186
9377
77
4163
983
6929
4121
4076
930
918
4084
4161
99
129
927
9379
894
4072
4164
4108
4173
4155
9392
9380
161
34
9736
4122
9752
4
4077
6915
9777
4096
4104
9798
9749
7568
4171
9
9739
39
9753
75
92
9772
9762
4148
9756
6914
9804
12697
13422
13393
13420
4157
13423
12677
12683
13455
4183
964
13427
13394
4091
13441
13396
13401
12684
13411
13426
6902
13456
4169
13406
13410
13415
13419
17277
17332
17303
17293
4320
17275
17269
17278
17244
17316
68
17299
17266
17335
17259
17255
17274
17302
17328
17300
17287
17262
17296
17273
12690
17267
69
5170
12706
14172
7599
22422
4101
4160
29844
29832
89
35984
4334
7
32546
