9389
0
932
4150
918
28
85
4105
930
4108
4249
4158
161
129
6929
4076
4147
9374
9377
99
4163
4161
4143
4188
77
927
983
4182
4173
4072
162
4164
4155
9755
12705
12686
92
12697
4111
9
12675
89
84
948
12700
12749
75
13389
13421
889
941
13443
13465
20
4179
981
9811
6933
13432
9743
9753
6904
9733
13442
13455
4171
6955
13411
6884
6888
13396
13404
4169
13451
13427
4102
66
13428
13400
34
919
17351
17263
17277
17259
17249
17311
17245
17284
17328
17338
17283
17366
17361
17315
17335
17307
17282
17302
17273
17269
17289
17257
17314
17253
9804
17267
17303
17274
17266
17275
17265
17318
17272
6943
25114
14172
29362
1023
4
9794
987
31443
897
11949
4334
14186
