94
6
79
129
55
105
41
149
126
89
77
111
134
68
101
73
66
34
60
137
119
48
35
12
19
130
14
57
82
162
70
102
168
9
127
157
56
144
58
84
99
153
71
20
125
37
7
26
122
80
135
175
161
53
91
62
148
75
33
10
124
92
31
117
155
93
54
109
108
18
43
39
40
156
107
88
69
142
5
85
7597
894
4108
7564
4085
7568
4195
4121
959
906
4205
983
4069
7563
7583
7562
932
7576
7604
7570
910
7602
7572
4213
7577
7566
4081
7586
4086
930
7575
7611
4180
4096
7594
938
4218
7584
7573
7585
7565
7593
7560
7609
898
11940
11945
891
11972
11952
11935
11937
11946
11936
11968
11943
11977
962
11970
11942
919
11961
1021
6910
11982
11953
6928
11958
20083
20120
20086
20109
20130
20084
20128
20119
20099
899
928
12675
18493
20112
20085
20102
20087
923
20090
20982
892
960
4231
4199
944
22451
22430
4161
22431
4253
927
22458
22434
22468
22435
21996
9776
18510
6929
25107
25097
4103
4173
941
4155
4169
4072
918
9757
4158
25123
4200
12701
6878
4179
25132
4164
25131
4152
936
4204
970
933
34383
31419
32478
34393
34407
34377
34382
935
1016
34406
38193
46921
46889
46898
46905
32406
46925
30476
35162
888
893
25315
6935
31483
31433
31432
34722
5028
31434
31437
52070
61559
31476
32433
998
61556
29996
61554
31418
67056
31424
31453
44606
67078
13426
45029
71282
71506
32446
32274
71511
71515
35998
71520
71529
71498
71527
71500
71499
4168
71522
31421
31447
4142
920
66733
