9471
0
9514
9474
9541
9569
6382
9539
9469
9490
6402
9542
9437
6398
9482
9494
9574
9578
8014
9603
9428
5467
9434
9563
9512
9506
9456
9438
9447
9455
9487
9441
9431
9521
9454
9432
9430
9472
9436
9519
9545
9442
9533
9503
9478
9491
9470
9583
6373
9535
6396
9446
9596
9440
9516
6384
9573
9425
9550
9420
2899
9517
9584
6385
9453
9537
9520
6399
9507
9418
9457
9419
9417
9508
6390
9513
9445
9497
9493
9556
9480
9549
9464
9534
9444
9536
6369
9526
9475
9597
9540
5446
9422
9452
7745
9458
9582
9496
6376
9468
9467
9529
9509
9579
9500
9510
9439
3898
9515
9600
9538
9558
6405
9562
9585
9485
9532
9448
4483
5512
9476
9559
9463
9421
9450
9586
6394
6219
9426
9511
9546
9473
6368
9443
9488
9427
