9475
0
6405
9513
9491
9510
9418
9464
9452
9437
9448
6394
9445
9434
9443
9440
9558
9472
9453
9591
3898
9503
9487
6369
6396
6376
9540
6402
9563
9446
9419
6390
6384
9417
9597
6373
9493
9463
9556
9428
9542
9470
9471
9421
9442
9478
9474
9533
6219
9420
30758
30726
30723
30773
5552
30798
30754
30766
29103
6008
30816
30767
30809
30741
30737
30823
30769
12785
2969
30753
13918
30774
12120
6406
30757
30725
30729
30761
30740
30744
30760
30814
30763
30795
30788
28937
14754
30724
30782
30799
18243
30826
30768
30756
12815
1045
55676
14783
55696
55632
55626
55697
55691
41838
55679
9003
55730
55661
55618
5955
55754
39433
55725
55684
55681
53754
55651
55688
55781
55655
55756
55760
55635
55699
55631
55680
47701
6400
55765
55775
55640
55623
55779
55698
55729
