9524
0
9432
6405
3898
9418
4483
9436
6398
3066
2899
10146
11067
10191
11068
11093
11098
11139
11025
11058
11122
11029
11081
11130
11037
11086
11076
11143
11100
3967
11020
11140
3750
11057
11062
11115
11157
11111
11075
11056
11032
11065
11163
10895
11084
11073
11021
12821
12792
8721
12826
12773
6624
12785
3889
5320
12828
12814
10737
4776
12819
12804
12771
3880
12822
12786
10957
12793
12813
3087
34610
3855
34579
10060
7792
17978
34591
6535
34679
34618
34580
12637
34626
10059
10147
34691
34629
34665
1651
34587
361
34563
30612
15090
34581
34566
34660
34644
34590
8761
34622
12175
822
8017
19181
3258
18168
3936
713
448
3983
38886
16664
12344
4792
2987
851
7958
7994
5359
701
10918
7891
38926
7953
3908
1578
8107
216
4063
214
360
261
286
228
357
212
284
256
292
277
306
11541
40360
312
327
202
11590
14252
287
39651
243
669
41845
12158
41853
41848
12854
41871
38414
41886
41857
41833
13518
16690
26044
41881
1083
16625
9893
712
24326
30814
41900
41832
41870
4808
41917
1606
14261
31220
37282
35047
41880
41877
41866
31156
37853
29122
46283
37830
37945
37983
11816
46317
10893
693
13382
28705
10926
37831
3899
4787
46286
46322
47715
47718
732
20252
24116
24122
22396
47704
47631
47685
9410
34442
3254
5442
16046
8369
1658
47359
17011
1641
24243
28687
37818
1303
58680
3999
4008
5448
3905
12672
1115
62131
3966
7975
9005
5294
40063
10157
55684
60253
33696
18104
7168
62067
19171
36027
14741
653
19162
63396
63470
63398
4584
736
45419
12210
687
28912
694
11170
662
723
13790
682
7992
679
705
668
651
809
12245
64747
64811
64858
37901
657
64819
64864
64813
64770
18402
64820
64726
72672
16608
72667
72676
72643
322
38697
45426
72665
20238
36997
72678
8642
72567
72640
12169
16425
22926
14815
54754
72694
72673
72646
72653
37846
72684
12182
72637
72660
12244
72661
72662
72658
37039
72674
36006
44459
13730
72693
72657
72647
37843
72687
45320
26534
72703
72686
49095
72680
42874
35046
72711
72650
29103
1052
72695
22234
10130
39060
47496
72714
72635
56763
8780
37819
12217
8374
72675
