959
0
960
9
944
907
919
85
952
68
936
901
958
983
889
930
964
941
92
918
984
137
894
921
91
898
915
77
906
994
99
954
934
908
932
970
66
156
929
4151
4162
4121
4119
144
4264
4182
4168
4150
162
4206
4072
4152
4069
4195
169
4077
44
4213
4186
4241
4142
4185
4148
4200
4189
41
4279
5
4147
4180
4163
75
4081
3162
4198
74
4173
161
4212
4253
4154
4217
4204
63
4223
4108
4153
20
4158
129
4188
82
7
7591
4085
7568
4084
7622
39
7604
157
7573
5792
11970
11994
124
9793
11955
128
6928
11958
6911
6933
13431
9776
6929
34
13414
6917
9811
13446
9775
6899
6915
5132
21996
140
22433
16728
18510
2233
25126
25145
6887
25092
25106
25098
25105
5027
25102
25099
25120
25119
6891
3440
30477
59
30496
12354
39713
39693
39703
39707
27535
39711
39700
27911
39698
6935
98
39696
72
35138
136
2341
76
34391
39692
