964
0
77
952
85
941
92
901
939
894
891
99
900
1005
7597
2598
4180
5792
5160
4121
4096
4150
9404
4164
4147
9745
1303
13427
13405
13417
4182
9733
6929
4072
4119
4169
6955
4171
6933
4155
12712
4173
18880
6577
1608
228
7883
9005
7966
216
1658
12717
3898
20365
8369
20348
6182
20252
1651
5327
18087
20242
17560
732
20299
3899
4181
21999
4148
9386
6943
25319
2248
17347
9639
5182
4339
17280
25374
2382
1275
12742
17309
3981
5285
9635
25412
25388
17066
6456
6452
6453
3160
27481
5272
27454
3120
27480
27547
3183
6441
4271
6526
6464
12707
5275
3230
22782
6512
4225
9799
5306
9758
4243
29895
29897
32735
32751
32755
4229
32769
32731
32739
32756
32729
32771
32485
35983
35997
3258
35991
35995
25119
3181
2233
42599
42588
42604
42629
42608
41713
41687
42610
42590
42594
5318
5283
42597
42609
42598
42617
42630
42616
42628
42636
6522
38081
39181
46614
22454
10420
6356
34540
