9652
0
9653
2925
9662
9655
9683
9664
9674
4746
9679
9680
2910
9695
2927
9665
9686
2891
2041
9659
2922
9691
9677
8253
9660
9225
9697
9671
9676
9694
9663
9698
2958
9700
9667
2963
9673
9685
9684
9682
9690
849
9678
9666
2119
3401
9657
9661
2081
9654
2894
26403
26425
26400
19838
2904
2938
26401
2227
18567
2931
26415
2069
2050
2936
2980
2049
26396
26402
26410
26416
26411
18573
26397
26409
31060
822
31050
1563
13632
29876
31054
31068
31064
2900
2984
18568
53474
53466
53465
53449
29878
53458
53478
53476
53494
