9678
0
9663
9683
9657
2910
9666
4746
9684
2958
9690
9694
9654
2922
9695
6302
9685
9677
2963
2891
9659
2894
9667
9671
9665
9653
18568
18576
18572
18582
1657
18567
18581
18569
18589
18580
18566
18570
27361
26164
26057
21287
27384
15885
7393
6273
15431
26166
12957
27388
27373
27365
27380
27378
27366
24456
10808
27375
1099
8110
19838
31066
3426
662
1119
7659
6688
29876
7678
27900
7682
31060
33028
6294
14081
26019
33001
2909
33046
14668
6236
33010
26047
24189
32981
33072
33047
33000
26146
6024
26060
33049
14638
7671
4049
24187
20933
33020
33037
24166
15933
24165
32984
32990
14158
15930
34104
2975
10743
34110
9952
4394
31948
34160
6277
6272
40845
26055
26009
12959
26025
712
26022
1603
6663
40782
26466
41410
12971
56284
33192
24411
50136
26003
7681
28960
35397
56281
6696
15884
24409
45907
26975
56318
56264
24154
30136
7465
33430
10229
12965
56241
56263
56258
56268
21274
29532
56303
24455
56242
15882
41398
15425
50170
44856
2226
7429
45077
