970
0
92
986
982
127
985
962
928
9
907
954
944
894
935
898
905
901
973
888
69
932
917
1004
91
997
937
994
978
156
77
959
906
921
941
99
913
983
40
936
955
910
933
971
957
984
918
919
958
929
893
930
1005
991
915
85
889
948
952
891
1003
68
960
4168
4223
4239
4145
4174
4163
4155
4186
4189
4257
4224
4167
4218
48
4142
4069
4146
4173
4149
4144
57
4170
4206
4197
4217
4191
5
169
4259
4211
4150
4213
144
4108
4159
28
129
4081
4156
4180
4179
4200
4249
4141
4202
4166
4278
4194
4121
4143
30
75
4103
4204
4215
161
4161
4182
4195
109
4212
4152
4096
4
6911
14172
12701
9786
6929
14190
6917
6902
13436
14174
157
9378
9757
9377
9775
4076
13446
13447
12677
11994
6924
4104
18292
4084
20980
25092
25120
18510
94
5132
25103
7583
6930
9811
7579
22037
20119
82
9776
25118
25112
6887
5172
124
11955
33
11970
9389
30500
30498
30496
30475
30477
6910
13405
5044
31458
4086
31413
31446
31415
31468
52
31419
31434
31459
7576
7604
31414
7578
31422
7577
31418
31440
31473
20083
20137
31453
22036
31433
31456
72
6877
39710
34
7591
39709
17318
6442
66733
11982
2598
11985
7566
4105
6425
4334
3237
40001
58
18493
