9733
0
9734
9372
99
930
161
9749
4105
7568
9762
894
4158
129
9756
4127
9792
6878
4122
28
4072
9783
4155
4188
948
9785
9777
4278
9784
4121
4195
9736
9
4163
4119
927
6915
6940
9799
4147
4164
918
85
175
7615
9804
952
4171
9810
4210
9807
4150
75
4186
983
4076
4096
4233
9748
79
7622
9754
9801
9743
77
4230
4108
34
9772
92
9808
6929
4143
4249
9809
4173
4161
9759
6917
39
9790
9752
4148
9738
9773
4
932
4102
13426
7590
13423
13406
13410
13409
944
12683
13444
12697
13422
6920
13434
13400
13425
964
12712
1303
13396
84
901
12682
6888
13440
162
6884
6945
6913
13390
9389
4183
13417
9380
4141
14183
12701
6922
4160
29839
29832
68
6887
41
69
29841
6903
5172
29842
17316
4078
6921
9407
7599
32546
6898
21971
