9739
0
4146
9754
99
9736
4122
4164
92
4156
4118
4155
9779
161
7622
932
6917
9808
6915
930
9784
9403
9753
28
4195
9801
39
9381
9749
4173
9752
4121
9735
6878
9738
9373
894
4143
77
927
9
4
968
9790
9773
4158
9743
9748
9764
4105
9809
9798
7615
9733
4230
4149
75
34
9792
85
4185
4177
9774
4076
4174
129
6914
79
4278
4096
4077
9744
933
4188
9777
4147
9374
4150
9807
9772
4152
9760
7568
4103
4127
4108
13430
6881
13441
13433
4200
13401
928
12683
4074
4091
13428
13415
13438
13394
13416
7590
6920
13405
12682
13403
13390
4102
13413
12677
9389
13407
4159
6904
13409
13402
13408
6884
13406
13426
13448
9380
13427
13422
13397
13444
13463
6902
13395
13440
6945
6888
13470
6886
13425
13455
13461
13423
66
13396
13393
20
4167
4214
4169
29886
29833
32546
17367
4160
32602
6898
