9772
0
9773
9796
92
4072
6917
85
9798
4156
9790
9785
9791
4164
927
9792
175
9733
4127
4
39
894
9737
99
4152
4173
77
9777
6914
4122
9808
941
6915
9753
4103
79
9799
4171
9756
161
4096
4147
34
9760
4210
28
9374
9381
4104
9735
9784
4150
9757
9747
4163
9749
9752
9738
6940
7568
9801
9743
9767
9739
4183
13443
13435
12712
84
13392
13414
13395
4102
6913
13423
13396
13427
4159
6888
20
6904
13449
13390
9380
13393
12682
4091
12697
12683
13442
13406
13426
13409
6881
6884
4074
13413
1303
13397
6946
13440
13433
13441
13452
13401
68
4084
21985
69
25316
4339
22
25336
25350
25354
25343
12706
17280
25406
17347
25330
12742
25347
25322
25319
4334
25397
6898
12689
25398
25320
25333
25379
29960
29903
29955
995
17269
30041
29985
29961
29997
30006
30002
12678
29976
