9776
0
77
9743
7622
6914
156
4163
4
6955
4156
4185
4179
4077
4161
4104
4164
9381
4150
4121
9745
4173
4177
6928
4147
9786
933
932
905
4182
918
4096
4143
4108
75
983
911
6929
91
937
6917
129
161
968
9793
4103
4072
4119
6878
4166
894
4171
952
4076
927
85
4158
9
4217
941
948
889
4155
9733
4152
9775
28
4210
99
92
4145
9762
4146
4249
6915
9757
4204
9378
939
84
994
12728
12677
9385
12701
162
12722
89
919
4091
6902
66
4126
959
13425
13446
4200
906
13447
957
6911
13397
13414
13428
13411
6924
944
13432
4102
901
4081
9380
13419
4167
929
9377
4157
7613
4159
6886
13404
13436
13390
4169
13465
6888
20
6933
13431
4142
981
949
4206
14176
6943
14167
14172
4141
970
14170
40
11994
4175
14190
6899
14174
14186
157
