98
0
158
39
93
45
96
85
41
13
58
91
140
128
137
136
141
104
49
82
76
163
99
80
117
92
101
105
123
139
7
62
25
69
59
57
106
74
17
112
160
14
79
63
88
12
24
20
162
38
77
18
113
51
94
155
81
46
127
15
6
22
42
30
78
20104
898
31422
34393
34392
4198
18493
34396
34382
4196
34378
34389
22432
29857
7565
34394
34391
34403
7600
1003
4108
22433
4154
954
4264
4121
4241
25145
39698
4158
4212
39692
906
7573
39700
16728
12354
6915
11958
6928
6935
39968
45013
2598
45029
45012
38193
45035
45011
972
18485
22429
45041
4205
36433
45034
45037
11956
12356
7599
45046
6944
1001
47314
39971
47266
47297
47301
4216
47286
47287
959
47274
47288
35237
17070
32462
36430
47302
47294
30475
47304
47267
47275
47278
55222
46927
55235
55208
55264
55243
55233
66695
20090
20082
22434
66685
66684
35194
66691
36436
4194
52083
35209
36429
66701
66714
66692
5160
70140
70136
1303
40001
70152
70139
70166
9407
32564
