9838
1
9854
9877
1374
9836
9872
9840
9843
3433
9831
9853
3346
9861
9851
9842
9821
9820
9830
9874
3366
3311
9835
9888
9858
9879
9837
9857
9849
9878
3420
9850
15470
3361
15489
15554
3333
15476
15512
15487
15465
15464
3305
15467
3372
15549
15478
15524
15469
10734
3310
15508
15486
15197
15466
875
3416
15480
15477
3325
16488
16541
16482
16487
16492
16481
16493
16524
16532
3405
3421
26605
26581
3389
3335
19041
3377
3388
26580
26579
3363
26594
27413
27408
50086
36799
50102
50089
49227
7852
50083
802
50095
50115
2008
54512
54538
19054
6298
26773
22531
54517
2037
54553
54527
54526
32209
3314
37502
26708
75003
