9840
2
9820
4362
9872
9830
9861
9831
9878
9836
9835
2049
9853
3309
3311
9839
9850
9858
9842
3433
3347
9888
9874
9851
1374
9821
9857
9877
3428
1369
9838
7840
3346
3325
15470
15487
15488
15496
15489
15506
15476
3372
15507
15461
15465
3361
15501
15495
15460
15468
15479
15510
15480
15515
15467
15532
3416
15484
15527
3378
15463
15549
15540
15523
15477
3333
15486
15545
15466
17885
26613
36868
54538
26773
25701
430
19054
52062
6693
36874
17896
4935
54512
54531
19041
54517
36905
50102
54554
6617
16482
58341
849
16542
5673
