9858
7
9840
9851
2291
9839
9888
1374
4362
3309
9876
3420
7840
9842
9838
9879
9831
1369
2026
3358
9857
9872
3311
9837
9821
1656
9836
9835
2038
2062
9820
9850
9853
9830
9852
9884
9874
2049
9862
9843
9878
3346
3372
15495
15461
3305
15501
3333
15512
15469
15197
15529
15565
3397
15470
15553
15489
15505
15490
15479
3310
15496
15507
15523
15477
3425
15515
3378
15476
3325
15465
15506
3361
15484
15510
15532
15463
15542
15487
15549
3376
7890
15486
15467
15524
4364
15466
875
15551
3416
15810
19052
12608
17848
4379
19042
3357
3388
11829
3421
19047
3335
17859
16482
19038
19037
19084
19063
3363
19080
19040
19051
19041
3437
19054
15821
19036
1807
7974
54531
4680
16494
2008
54538
54527
26773
54517
2037
430
54512
54553
4766
