9877
0
9876
3309
9838
9854
3433
2062
4912
9836
9820
9857
3346
4362
9852
9853
9842
3311
9863
3358
9862
9849
9888
2038
9847
9879
19816
15460
3365
15515
3360
3307
26708
3397
26731
10921
10938
1386
15550
3305
3376
15549
26705
15811
26699
15510
3416
834
15461
3418
3315
26713
3372
15489
3336
499
3296
26726
26723
3427
7890
15147
4398
26589
3361
3325
15465
11829
4329
4369
7881
52062
6298
15151
16482
50102
16494
2008
54543
58341
58348
55339
58333
20169
3382
58349
58326
4465
58377
58337
4399
16493
3405
20399
17870
75014
3321
75003
26611
