9936
0
9937
4930
6288
9928
1604
9969
9921
9977
9922
9949
1603
9944
9953
9948
9947
9933
9952
9964
9935
9930
9945
9975
9926
1675
6264
9980
6283
9970
9958
4717
9931
9955
9957
9942
9954
9972
9965
9943
9932
9966
1662
9967
9938
9934
9940
5765
9951
9962
9927
9959
1636
1664
9939
5825
9946
9968
1624
9929
9941
1650
9925
9971
9924
9976
9979
9950
9956
6282
6257
6280
33513
13580
33505
33486
33471
33491
33493
33474
10815
33487
33479
33478
33489
19886
33482
33514
4718
6272
6258
33508
33495
33496
33511
33473
33499
33504
19306
33472
5816
2987
40794
40810
2246
40824
8170
40790
42583
42584
42585
42582
42586
42578
57574
57577
57578
57579
57596
57572
7710
32995
30199
