9985
0
10005
9986
10004
9989
9994
9984
9991
9997
9996
10007
9988
10003
10008
9999
10016
9987
10002
9995
9990
10010
10013
10001
10000
9992
9998
9993
21070
21136
3426
21115
21178
803
21193
21146
21145
21162
21194
21150
21109
21116
4805
21173
21208
22702
22707
22703
22720
22723
22704
22717
12444
22719
22715
22706
22726
22713
22728
22710
22722
22727
22716
22709
1764
22705
22708
22701
22730
22711
22724
22721
12922
4658
43493
43484
43490
701
43487
43468
43469
43477
43481
43474
43502
43504
31262
43497
43471
43470
43460
41460
43482
43462
43495
43478
31303
43459
43457
43464
43463
45192
2927
45158
12923
45184
4714
45164
45188
45169
2969
45154
45156
45168
45165
45177
45178
45159
45151
31345
45173
45174
45171
45152
45175
45160
45161
45163
45166
45182
45155
45183
45176
45167
45157
45180
45194
45172
45185
45170
45162
45153
46973
46982
47025
47029
46990
47003
47007
47023
46979
16271
46988
47020
46981
47006
47034
47024
46997
47014
47026
46983
47036
46984
47019
46987
46977
46985
46978
47021
47033
46974
47030
46998
46980
46991
46996
46999
46995
47009
47004
47008
46972
47018
47002
47000
47037
47038
46976
47017
46992
46994
47035
31261
47011
46993
47031
47015
47005
47001
47022
47016
46986
46975
47010
47032
47013
46989
61649
45989
61631
61672
61640
61676
61646
61679
61619
61637
61642
61628
31046
61675
61636
61659
61632
61660
61638
61669
61641
61677
61633
61685
61664
61616
61656
61626
61654
61620
61652
61684
61630
61618
61658
61651
61655
61625
61634
61623
61624
61657
61645
61653
61622
61621
61680
61647
61667
61629
61662
61644
61678
8170
61627
61661
72849
34152
72848
72845
72846
72851
72847
