9990
0
9999
9986
9992
10008
9995
9991
10003
10004
9985
9998
10006
10016
10005
9988
10002
9996
10013
9994
9987
10001
9989
46976
45158
22705
31262
47027
22710
46997
46998
22715
45169
47021
31261
47029
4805
46975
46983
46989
47024
47036
45168
22701
47008
46995
22706
46986
47006
47034
45165
47011
21150
21178
16271
46991
47018
46993
43457
46977
43470
47042
46973
47013
22721
47026
46982
45182
43469
46979
45174
47015
46974
31303
47000
12444
47028
47016
22716
47010
47037
22703
46985
47003
46978
47001
46988
46990
46992
21145
46996
47007
21146
46999
46994
