9992
0
9993
10006
10004
9998
10007
9994
10013
9999
9985
9988
10016
10005
10001
10002
10003
9987
9991
10008
9989
9990
46982
46988
43470
22701
46976
31303
22710
21150
21178
31261
47008
46990
22703
47021
46987
21145
46999
47028
47013
43469
43460
4805
47031
46993
45165
46980
47007
47032
47010
46997
47017
31262
46995
47018
22706
47000
43457
47015
46974
47037
16271
45174
46996
46973
46989
46998
46983
46972
47019
46994
21146
22705
45158
46977
46992
45168
45182
43481
47001
47011
45169
46991
47027
46986
46985
22721
47026
47034
47003
